30.054054999999984,30.054054999999984,30.054054999999984,30.054054999999984,30.054054999999984,30.054054999999984,30.054054999999984,30.054054999999984,30.054054999999984,30.054054999999984,30.054054999999984,30.054055000158392,30.054055000548757,30.05405500132807,30.05405500291559,30.05405500614669,30.05405501214135,30.054055021653244,30.054055033791748,30.05405504420693,30.054055042887615,30.054055011653602,30.054054921462274,30.0540547296168,30.054054376951207,30.054053784920146,30.054052852787194,30.054051454811646,30.05404943769236,30.054046618199177,30.054042781042458,30.054037676783867,30.054031019772218,30.054022486109602,30.05401171150545,30.053998288925186,30.05398176639848,30.05396164397436,30.053937371476636,30.05390834586531,30.053873909849482,30.053833348606112,30.05378589253743,30.05373071582851,30.053666938855713,30.053593629236676,30.053509806114313,30.05341444433371,30.05330647972843,30.053184813724258,30.053048319342306,30.052895844701816,30.0527262179782,30.05253825264809,30.052330753032052,30.052102522003533,30.051852368678333,30.051579116903998,30.05128161286326,30.05095873347299,30.050609393022825,30.050232549146536,30.049827207335582,30.049392422337924,30.04892730640581,30.048431015753152,30.047902757591636,30.047341785134616,30.04674739655234,30.046118936038955,30.04545579616727,30.04475742218636,30.044023316747253,30.043253046475083,30.042446248180678,30.041602633395318,30.040721995837174,30.03980421154402,30.038849239651295,30.037857119964727,30.036827967155805,30.035761966852945,30.03465937126243,30.033520494282048,30.03234571042335,30.031135453981477,30.029890218283573,30.02861055734736,30.027297087765398,30.025950490283268,30.024571512773527,30.023160969469696,30.021719738591017,30.02024875759931,30.01874902311941,30.01722157480569,30.01566750085068,30.014087929715302,30.012484031118184,30.010857015858946,30.009208137014085,30.00753869144172,30.00585002214883,30.004143521434152,30.002420624635338,30.000682827941173,29.998931669261914,29.997168720311755,29.995395578963556,29.993613860259348,29.991825187231534,29.99003118279172,29.988233463346063,29.98643363399994,29.984633285007625,29.982833989658094,29.9810373035247,29.979244764185854,29.9774578899506,29.975678176621596,29.973907092157575,29.97214606972973,29.970396500037914,29.96865972377607,29.966937024927905,29.96522962529752,29.963538680322326,29.96186527592168,29.960210426535845,29.958575074764997,29.956960092430627,29.9553662821335,29.9537943782054,29.95224504631941,29.9507188815626,29.949216405322773,29.947738061556482,29.946284213162894,29.944855138951088,29.943451031570785,29.942071996446316,29.940718051601998,29.939389128821276,29.938085076197112,29.93680566174572,29.93555057758288,29.934319443876433,29.933111811944016,29.93192716610921,29.930764924348193,29.929624438023794,29.928504991098993,29.92740579928446,29.926326009510714,29.925264699766313,29.924220879694712,29.923193492191942,29.92218141590713,29.921183468853986,29.920198413269073,29.919224961294393,29.918261780662647,29.917307499769503,29.916360711684163,29.915419977021898,29.914483825947055,29.913550759585416,29.912619251352986,29.911687748433575,29.910754673651535,29.909818427431045,29.908877390028707,29.90792992558206,29.906974388701496,29.906009133257463,29.905032522353817,29.904042938023522,29.903038789608175,29.902018519864782,29.900980608323312,29.8999235714864,29.898845961319026,29.89774636372994,29.896623397539024,29.89547571366313,29.894301994539827,29.893100954635784,29.891871342391468,29.89061194339191,29.889321584208414,29.88799913612338,29.88664351821839,29.885253699749978,29.883828701776775,29.882367598646915,29.880869519730258,29.879333651152074,29.87775923669426,29.876145577795022,29.874492034787178,29.872798031180828,29.871063061683316,29.869286703050015,29.86746862564926,29.86560860361391,29.863706521977683,29.861762378961835,29.859776283620985,29.85774844975389,29.8556791893946,29.853568906684117,29.851418091861163,29.84922731445921,29.846997215220487,29.844728496337307,29.842421910553202,29.840078250076868,29.83769833681413,29.835283014456362,29.832833141955927,29.830349588783402,29.827833232608878,29.82528496036265,29.822705672888002,29.820096292084727,29.817457769565607,29.814791095993545,29.81209731056487,29.80937751018479,29.806632857776275,29.803864589022652,29.801074017257157,29.79826253578226,29.795431617729307,29.792582813338996,29.789717745069037,29.786838101221125,29.78394562682731,29.78104211120741,29.778129372639864,29.775209241579113,29.77228354430047,29.76935408947567,29.766422658778637,29.763491003107557,29.760560844175437,29.757633878374143,29.75471178109897,29.751796210375737,29.74888880967628,29.745991211319,29.74310504099506,29.74023192319795,29.7373734877763,29.734531376527325,29.73170724873666,29.728902784908122,29.726119687223775,29.72335967670032,29.720624487621546,29.71791585761632,29.715235515692644,29.71258516757726,29.70996647962642,29.707381062584737,29.70483045509798,29.702316109609907,29.699839380033737,29.69740151216984,29.69500363706165,29.692646767906016,29.69033179844499,29.688059504828164,29.68583054854699,29.683645480069536,29.68150474360818,29.679408681143386,29.677357536597142,29.675351458473624,29.673390501837858,29.671474629196094,29.66960371015802,29.667777519842158,29.66599573648596,29.664257938622708,29.662563601667713,29.660912094436156,29.65930267619789,29.65773449420846,29.656206581911544,29.654717858366272,29.653267128946162,29.65185308720868,29.650474318065317,29.64912930202702,29.64781642051131,29.646533962087336,29.645280129128846,29.64405304513248,29.64285076210184,29.64167126772643,29.640512493148456,29.63937231949932,29.638248584663383,29.637139089650397,29.636041604369602,29.63495387323806,29.63387362056314,29.63279855551194,29.63172637696367,29.630654778618947,29.629581453993833,29.62850410148087,29.627420429945502,29.626328164255813,29.625225051364183,29.624108866752717,29.622977421038502,29.621828566802943,29.620660205726526,29.61947029591584,29.618256858682198,29.61701798629408,29.615751848640734,29.614456699854216,29.613130884425164,29.611772843237826,29.610381118510787,29.608954358064757,29.60749132028253,29.60599087658323,29.60445201374661,29.602873836230515,29.601255567815528,29.599596552311795,29.597896253987024,29.59615425756826,29.5943702679852,29.592544109668758,29.590675725719883,29.588765176887645,29.586812640284435,29.58481840791128,29.58278288515888,29.580706588904782,29.578590145661742,29.576434289333356,29.574239858823535,29.572007795177647,29.569739138684877,29.567435025489836,29.5650966839798,29.562725430786685,29.560322666464298,29.557889870903878,29.55542859839246,29.552940472495333,29.55042718063609,29.547890468520272,29.545332134403235,29.542754023204267,29.5401580205902,29.53754604699569,29.534920051599766,29.53228200628933,29.529633899705185,29.526977731234314,29.524315505129337,29.52164922461618,29.518980886058106,29.516312473202166,29.51364595147925,29.51098326234228,29.508326317664093,29.505676994282553,29.503037128554556,29.500408511066567,29.49779288144284,29.495191923325393,29.492607259500957,29.490040447209545,29.487492973698654,29.484966251971834,29.48246161682653,29.4799803211242,29.477523532373876,29.475092329567847,29.472687700366112,29.470310538530594,29.46796164165283,29.465641709186276,29.46335134076936,29.461091034791966,29.458861187212882,29.456662090664572,29.4544939337489,29.452356800583924,29.450250670579003,29.448175418393394,29.446130814131084,29.44411652376064,29.442132109723957,29.440177031779452,29.438250648071968,29.43635221643863,29.43448089593304,29.43263574867668,29.430815741842817,29.42901975001262,29.427246557733433,29.425494862356956,29.423763277125257,29.42205033458846,29.42035449020016,29.418674126198706,29.417007555720353,29.4153530271406,29.41370872862668,29.412072792914824,29.410443302221033,29.40881829335156,29.407195762941946,29.40557367281601,29.403949955509393,29.40232251982208,29.400689256443215,29.399048043662216,29.39739675309609,29.395733255424176,29.394055426090112,29.392361151012906,29.390648332234008,29.38891489350216,29.387158785707875,29.385377992333975,29.38357053463956,29.38173447678179,29.379867930725013,29.37796906099658,29.376036089203755,29.37406729836391,29.372061036843647,29.370015722313255,29.36792984519598,29.36580197193352,29.36363074798135,29.361414900496346,29.35915324058685,29.3568446653989,29.354488159834254,29.352082797917383,29.349627743917765,29.34712225301056,29.344565671875863,29.341957438627944,29.339297082688777,29.336584224236876,29.333818573451893,29.33099992930663,29.328128178155097,29.32520329219246,29.32222532741382,29.319194421241786,29.31611079013276,29.31297472710072,29.309786598369712,29.306546840368146,29.30325595669449,29.299914514092375,29.29652313890699,29.293082513243416,29.28959337098318,29.28605649362916,29.282472705873996,29.278842871688543,29.2751678894702,29.271448687798205,29.26768622095933,29.263881464277624,29.260035409622915,29.25614906094989,29.252223429721276,29.248259530562244,29.24425837673206,29.240220975929518,29.236148326002564,29.232041410756842,29.227901196097687,29.223728626027093,29.219524618903893,29.215290063930244,29.211025817841993,29.206732701660002,29.202411497648054,29.19806294656958,29.193687745105823,29.189286543501083,29.184859943537937,29.180408496667077,29.175932702423598,29.171433007178816,29.166909802987526,29.162363426948524,29.157794160745848,29.153202230345432,29.148587806136412,29.143951003360154,29.139291882687143,29.13461045123717,29.12990666376795,29.125180424081144,29.120431586904516,29.11565995981781,29.110865305500493,29.106047344284733,29.101205756918556,29.096340187490103,29.091450246504756,29.086535514342714,29.081595544798212,29.07662986876997,29.07163799812932,29.066619429746787,29.061573649639904,29.05650013718232,29.051398369499385,29.046267825857562,29.0411079921702,29.035918365524285,29.030698458750845,29.025447805035984,29.02016596249301,29.014852518604744,29.009507094984002,29.004129351671953,28.998718991634405,28.99327576493101,28.987799473153387,28.98228997343685,28.976747182334137,28.971171079822824,28.965561712777884,28.959919198463446,28.95424372792362,28.948535569073847,28.942795069216455,28.93702265790538,28.931218849168303,28.925384243466087,28.91951952976415,28.91362548665117,28.907702983725873,28.90175298257434,28.895776537216683,28.88977479417593,28.883748992470032,28.877700463274415,28.8716306290494,28.86554100216145,28.85943318396156,28.853308862523622,28.847169810450808,28.84101788262004,28.834855013297325,28.828683212807803,28.822504564102186,28.816321219069454,28.810135394303458,28.803949366807498,28.797765469557408,28.791586086475874,28.78541364720312,28.779250621881097,28.773099515688543,28.76696286303966,28.760843221789322,28.754743167214997,28.74866528585924,28.74261216941095,28.73658640844914,28.7305905860866,28.7246272716917,28.718699014517178,28.71280833742784,28.70695773075556,28.70114964609088,28.69538649020732,28.689670619159937,28.684004332577715,28.678389867703203,28.672829394235677,28.667325008974345,28.66187873094035,28.656492496231436,28.651168153830056,28.6459074610076,28.640712079454996,28.63558357183946,28.630523397835592,28.625532911430675,28.620613357938083,28.615765871793432,28.610991474100544,28.606291070844442,28.60166545162937,28.597115288750633,28.592641136256642,28.588243429330124,28.58392248422144,28.579678498855774,28.575511553293083,28.571421610303773,28.567408516969135,28.56347200607775,28.559611697944362,28.55582710271576,28.552117622525024,28.548482554559506,28.544921093437367,28.54143233483132,28.538015278768825,28.534668833258976,28.531391818039694,28.52818296870838,28.525040940912778,28.521964314628985,28.518951598683046,28.51600123523909,28.513111604666484,28.510281030505222,28.507507783958054,28.50479008921195,28.502126128107896,28.49951404546664,28.496951953911402,28.494437938632977,28.491970063206395,28.489546373734175,28.48716490423945,28.484823681254205,28.482520728918857,28.480254073419268,28.47802174752758,28.47582179543041,28.47365227686591,28.471511271447866,28.469396882630182,28.467307241671868,28.46524051153481,28.463194890468394,28.46116861504025,28.459159963888947,28.457167260542064,28.4551888762385,28.45322323263762,28.45126880416425,28.4493241201928,28.447387767397778,28.445458391044696,28.443534696808246,28.441615452064813,28.43969948721445,28.43778569658907,28.43587303898156,28.433960538035336,28.43204728306517,28.430132428656776,28.428215194932754,28.42629486720864,28.424370795041693,28.422442392450304,28.420509136575596,28.418570566843506,28.416626283706506,28.414675947681552,28.41271927751604,28.41075604925136,28.408786094182766,28.406809297385227,28.40482559546747,28.402834975491427,28.400837472286298,28.39883316641414,28.396822182700603,28.39480468751347,28.392780886839155,28.390751024173305,28.388715378472128,28.386674261627057,28.384628016624646,28.382577015179955,28.380521655838375,28.37846236187415,28.376399579086,28.374333774082434,28.37226543207424,28.37019505539303,28.368123161357325,28.366050280842572,28.36397695673924,28.361903742198695,28.359831199391284,28.35775989806868,28.355690414421485,28.353623329982085,28.351559230468688,28.349498705107592,28.347442345639156,28.3453907456639,28.343344500177217,28.341304204981085,28.33927045632652,28.337243850597844,28.335224984218943,28.333214453591314,28.33121285504884,28.329220784984397,28.327238840076465,28.32526761755206,28.323307715500587,28.321359733347013,28.319424272304676,28.317501935916994,28.315593330759494,28.3136990669599,28.311819758938054,28.309956026086628,28.308108493589188,28.30627779311161,28.30446456364713,28.30266945221609,28.300893114721262,28.299136216721017,28.297399434162116,28.2956834540874,28.293988975406833,28.29231670954273,28.29066738105317,28.289041728277066,28.287440503842,28.285864475112206,28.284314424708356,28.282791150834182,28.28129546757155,28.27982820509002,28.27839020989619,28.276982344752213,28.275605488865267,28.274260537649315,28.272948402833535,28.271670011960442,28.270426308138088,28.269218249761686,28.26804681005503,28.26691297635689,28.265817749588223,28.264762143744335,28.263747185079442,28.26277391105815,28.2618433695784,28.260956618345563,28.260114723491146,28.259318758822488,28.258569804617554,28.257868946386843,28.257217273906573,28.256615880394488,28.256065860567304,28.255568309855125,28.25512432316836,28.254734993739245,28.25440141193115,28.254124663614128,28.253905829270852,28.253745982742327,28.253646190253527,28.25360750882484,28.253630985354704,28.25371765557036,28.253868542810913,28.254084657040504,28.254366993724602,28.254716533087258,28.255134238993637,28.255621057968206,28.25617791825354,28.256805729419117,28.257505381187656,28.258277742780077,28.259123661751,28.260043964213686,28.26103945319822,28.26211090852857,28.263259086129167,28.264484717334316,28.265788508256737,28.267171139409594,28.26863326502307,28.27017551237041,28.27179848139823,28.27350274418299,28.275288844179737,28.27715729601259,28.279108584669316,28.281143164840643,28.28326146043007,28.285463864159833,28.28775073677566,28.290122406414316,28.292579168111292,28.295121282776137,28.297748977091928,28.30046244211449,28.30326183278258,28.306147267558607,28.309118826947742,28.31217655372227,28.315320450682876,28.318550481272936,28.321866567479418,28.325268590222024,28.328756387588065,28.332329754253422,28.33598844039379,28.33973215110439,28.343560545486298,28.347473235931883,28.351469787049727,28.355549714654373,28.359712485828947,28.363957517311093,28.368284175023735,28.372691773694978,28.37717957578498,28.38174679122787,28.386392577026054,28.39111603638833,28.395916218981075,28.400792119758567,28.405742679581177,28.41076678480535,28.41586326726885,28.421030904017712,28.426268418052118,28.431574478117827,28.43694769935912,28.44238664358548,28.44788982016255,28.4534556866307,28.459082649522944,28.464769065451087,28.47051324197654,28.47631343934899,28.482167871440353,28.488074707262626,28.49403207282131,28.500038052712636,28.506090692363077,28.512187999749404,28.518327947775028,28.52450847629866,28.530727494973554,28.53698288540529,28.54327250381268,28.549594184107995,28.55594574059035,28.56232497089572,28.568729659094156,28.57515757900424,28.58160649717844,28.588074176242635,28.594558378681445,28.6010568696821,28.60756742089865,28.614087814080058,28.62061584445315,28.62714932436391,28.633686086876782,28.64022398911093,28.646760916070846,28.653294784149526,28.65982354440876,28.66634518630659,28.672857740988338,28.679359284539004,28.68584794116178,28.692321886491342,28.698779350710183,28.705218621232913,28.711638045842733,28.718036035140315,28.724411065123277,28.730761679721404,28.73708649283313,28.743384190665243,28.749653533421387,28.755893357134212,28.76210257514577,28.76828017946363,28.774425241853155,28.780536914902545,28.78661443275077,28.792657111490783,28.798664349415095,28.80463562734126,28.810570508370088,28.81646863764526,28.822329741653956,28.828153627549433,28.833940182241257,28.839689371049793,28.84540123650585,28.85107589656467,28.856713543098554,28.862314439670264,28.867878919532263,28.873407383289017,28.87890029631509,28.884358186231076,28.88978164007751,28.895171301330585,28.900527866886478,28.90585208391337,28.91114474641902,28.91640669205774,28.92163879858375,28.926841980280606,28.932017184393978,28.937165387498663,28.942287591788176,28.947384821424862,28.952458118781404,28.957508540736377,28.962537155032177,28.967545036528072,28.97253326362842,28.97750291469835,28.98245506452962,28.987390780919906,28.992311121314444,28.997217129525033,29.002109832598318,29.00699023776013,29.01185932950887,29.016718066797235,29.0215673804178,29.026408170477712,29.03124130405586,29.03606761301614,29.04088789195842,29.04570289640983,29.05051334108433,29.05531989840581,29.060123197227334,29.064923821609476,29.069722309916887,29.074519154024518,29.07931479874072,29.08410964140007,29.088904031647097,29.093698271373476,29.098492614904643,29.103287269255688,29.108082394643624,29.112878105171458,29.117674469567543,29.122471512292467,29.127269214488496,29.132067515331965,29.136866313416135,29.14166546832963,29.14646480228557,29.151264101860928,29.15606311994212,29.160861577607537,29.1656591662953,29.170455549824027,29.17525036668134,29.180043232277356,29.184833741256128,29.189621469868815,29.194405978380477,29.199186813504983,29.203963510735885,29.208735596823825,29.213502592213054,29.218264013453027,29.223019375513054,29.22776819422354,29.232509988364715,29.237244282171936,29.241970607282255,29.24668850496801,29.25139752814913,29.25609724332137,29.260787232380036,29.26546709436796,29.27013644724106,29.274794929168007,29.27944220020156,29.284077943466656,29.28870186635882,29.29331370143027,29.29791320757813,29.302500170554744,29.307074403790836,29.31163574882181,29.316184075703095,29.320719283009094,29.325241298143652,29.329750077313797,29.334245605070308,29.33872789406972,29.343196984535098,29.347652943781185,29.352095865301216,29.356525867865408,29.360943094631097,29.36534771187809,29.369739907768174,29.37411989093756,29.37848788897857,29.382844146919364,29.387188925439133,29.391522499233858,29.395845154944624,29.400157189254127,29.40445890691475,29.40875061860533,29.413032638789836,29.417305283483337,29.421568868085025,29.425823705013634,29.430070101491403,29.43430835715513,29.438538761720665,29.442761592704073,29.446977113102193,29.45118556907382,29.455387187707455,29.45958217473351,29.46377071241948,29.467952957352704,29.4721290383779,29.47629905462722,29.480463073591633,29.484621129284502,29.48877322048206,29.492919309098134,29.49705931858914,29.501193132635986,29.505320593752376,29.509441502128862,29.51355561465644,29.5176626439508,29.521762257671806,29.525854077827333,29.529937680360106,29.5340125948503,29.538078304351156,29.54213424539486,29.546179808194044,29.550214336958046,29.554237130406975,29.55824744241414,29.56224448283559,29.566227418540567,29.570195374483482,29.574147435083187,29.578082645629674,29.58200001393816,29.58589851209501,29.589777078377942,29.593634619302833,29.597470011782445,29.60128210544445,29.605069725078938,29.608831673159234,29.612566732519564,29.61627366909478,29.619951234775566,29.62359817033804,29.62721320848038,29.630795076833234,29.634342501137407,29.637854208432955,29.64132893019311,29.64476540570321,29.64816238520565,29.651518633279615,29.654832932023197,29.65810408434149,29.661330917209924,29.664512284861974,29.667647071915507,29.670734196544746,29.67377261351174,29.67676131710989,29.679699344054576,29.682585776352102,29.68541974392726,29.688200427245512,29.690927059871242,29.693598930553517,29.696215385729957,29.698775831466623,29.701279735390028,29.70372662842661,29.706116106494008,29.70844783190718,29.710721534597923,29.71293701331056,29.71509413636889,29.71719284248653,29.719233141333856,29.721215113819667,29.72313891236899,29.725004760718534,29.726812953874447,29.72856385749113,29.730257907467664,29.731895608985766,29.733477535632723,29.73500432813013,29.736476693096797,29.737895401362316,29.739261286326215,29.74057524210401,29.741838221514044,29.743051233571073,29.74421534146467,29.745331659906107,29.746401352513637,29.747425628944683,29.74840574207128,29.749342984921924,29.750238687572537,29.75109421385192,29.751910958037243,29.75269034148165,29.75343380916864,29.75414282616469,29.754818874035156,29.755463447280505,29.756078049663014,29.75666419056962,29.757223381337795,29.757757131621123,29.758266945808693,29.758754319376127,29.75922073527407,29.759667660451232,29.760096542432084,29.76050880588897,29.760905849348173,29.761289042000417,29.76165972044454,29.762019185756653,29.762368700639644,29.76270948662658,29.76304272127459,29.763369535809783,29.763691012736885,29.764008183623606,29.76432202700315,29.764633466632255,29.764943369532443,29.76525254457226,29.765561741196016,29.76587164805169,29.766182891980602,29.766496037363936,29.766811585427185,29.767129973766092,29.767451576021603,29.767776701855695,29.768105597280808,29.76843844462027,29.76877536324198,29.76911641000939,29.76946158035183,29.769810809254814,29.770163972238723,29.77052088697825,29.770881314558395,29.771244961516942,29.771611481327795,29.771980476540374,29.772351500771343,29.772724061039675,29.773097620068896,29.773471598744198,29.773845378697764,29.774218305026324,29.77458968891829,29.7749588105258,29.775324921919232,29.77568725003347,29.776044999689198,29.776397356559304,29.776743490243167,29.77708255754205,29.777413705466405,29.777736074290768,29.778048800688204,29.77835102081804,29.778641873439145,29.77892050296457,29.779186062314785,29.779437715994344,29.779674642899472,29.779896039051938,29.780101120500646,29.780289125736093,29.780459318376565,29.780610989589345,29.7807434602965,29.780856083688104,29.780948246938006,29.78101937353072,29.781068924879474,29.78109640210799,29.78110134768185,29.78108334674744,29.78104202841869,29.780977066938156,29.780888182660856,29.780775142948126,29.78063776270616,29.780475905016797,29.780289481368865,29.780078452011047,29.779842826017635,29.779582661088458,29.77929806320205,29.778989186472703,29.77865623238054,29.77829944919905,29.77791913109163,29.777515617192027,29.77708929046124,29.776640576356808,29.776169941709654,29.77567789298713,29.77516497492632,29.77463176867051,29.77407889003744,29.773506987618543,29.772916740834166,29.772308857827134,29.77168407330506,29.7710431464797,29.770386858708154,29.769716011237993,29.76903142284133,29.768333927458926,29.767624371822535,29.766903613036117,29.76617251611806,29.765431951621643,29.76468279322687,29.76392591535028,29.76316219073203,29.762392488193186,29.761617670271445,29.760838590995522,29.76005609371628,29.75927100892881,29.758484152253562,29.75769632244568,29.756908299507337,29.756120842866867,29.755334689697385,29.754550553243476,29.753769121323558,29.752991054963605,29.75221698711722,29.751447521408977,29.75068323118954,29.749924658516257,29.74917231340839,29.74842667312488,29.74768818168299,29.74695724939114,29.746234252601262,29.74551953348344,29.744813400073625,29.74411612631971,29.743427952335864,29.742749084742382,29.742079697237127,29.74141993104449,29.74076989570606,29.740129669911653,29.739499302414455,29.738878813137593,29.738268194272255,29.737667411447234,29.737076405148496,29.73649509215535,29.735923366963583,29.73536110335263,29.73480815602203,29.734264362392224,29.733729544178438,29.73320350925953,29.732686053408994,29.73217696224368,29.73167601308814,29.731182976766355,29.73069761966609,29.73021970548331,29.729748997125842,29.72928525867667,29.72882825730168,29.728377764847572,29.72793355979991,29.727495428972798,29.72706316927863,29.726636589356126,29.7262155111111,29.725799771276037,29.725389222832046,29.724983736492767,29.724583201893598,29.724187528783673,29.72379664825984,29.72341051369977,29.723029101760627,29.722652413162546,29.72228047343383,29.72191333358723,29.721551070629726,29.721193787940766,29.720841615639728,29.720494704968658,29.720153243183905,29.71981744258622,29.71948753954785,29.71916379928713,29.718846511706015,29.718535995281776,29.718232595453383,29.71793668040412,29.717648639343906,29.717368884482372,29.71709785330022,29.716836004926087,29.716583813798362,29.71634177502623,29.71611039804892,29.715890215248788,29.715681776316277,29.715485640129096,29.715302379236032,29.71513257806847,29.714976828877994,29.71483572841268,29.71470988211143,29.714599897780037,29.71450638514771,29.714429957032042,29.714371224786472,29.71433079612242,29.71430926547295,29.71430722864523,29.714325289444574,29.714364008756938,29.714423944645628,29.714505645006337,29.7146096441731,29.714736460451753,29.71488659337704,29.71506052212616,29.715258703564913,29.715481570519383,29.71572952974634,29.716002960919646,29.71630221527838,29.71662761471654,29.71697945078426,29.71735798331862,29.717763439638112,29.718196013451102,29.718655863601317,29.719143113248936,29.719657848850364,29.72020011945575,29.720769936116845,29.721367271225166,29.721992058326897,29.722644191690602,29.723323526292607,29.72402987760652,29.724763021476846,29.725522694425603,29.726308593758194,29.727120377570387,29.727957665347645,29.728820037852145,29.729707037945463,29.73061817131601,29.731552906619594,29.7325106765542,29.733490878592907,29.73449287603311,29.735515998750465,29.736559544775723,29.737622781241313,29.738704945621876,29.73980524736513,29.740922869252817,29.742056968982254,29.743206680908767,29.744371117478572,29.745549371071416,29.746740515735638,29.74794360898102,29.749157693529845,29.75038179925613,29.751614945039073,29.75285614089173,29.754104389474623,29.755358688490425,29.756618032460356,29.7578814149483,29.759147830293365,29.760416275978812,29.76168575454061,29.762955275584957,29.764223857838783,29.765490531191432,29.766754338800023,29.768014338852304,29.769269606549614,29.7705192361149,29.77176234245897,29.772998063087407,29.774225559742508,29.775444020131573,29.776652659401297,29.777850721793666,29.77903748209445,29.780212247017165,29.781374356431435,29.782523184682407,29.783658141845823,29.78477867468606,29.785884267617643,29.786974443701446,29.788048765302165,29.789106835020633,29.790148296123448,29.791172833032178,29.7921801718418,29.7931700805932,29.7941423694029,29.795096892533014,29.796033542371735,29.79695225490493,29.797853009746373,29.798735827575257,29.799600768366577,29.800447933342298,29.801277462802076,29.802089537557777,29.802884374870665,29.80366222820341,29.804423387251358,29.80516817909875,29.8058969638963,29.80661013586814,29.80730811911155,29.807991368511544,29.80866036548845,29.80931561851732,29.809957660546157,29.810587047249328,29.811204354963106,29.81181017718008,29.8124051267409,29.812989841527596,29.813564955252062,29.814131117063656,29.814688988215327,29.815239238766306,29.815782544593773,29.816319584806457,29.81685103936936,29.81737758667936,29.817899901198366,29.818418651185606,29.818934496737885,29.81944808797915,29.81996006345596,29.820471048486056,29.820981653519347,29.821492472400447,29.822004080501753,29.822517032847955,29.823031862257608,29.82354907751424,29.824069161720058,29.82459257064586,29.825119731387353,29.825651041016105,29.826186865405,29.826727538204487,29.827273359829817,29.827824596542605,29.82838147971489,29.82894420506443,29.82951293204599,29.830087783345302,29.830668844401288,29.83125616308713,29.831849749480686,29.832449575752808,29.83305557619042,29.833667647204432,29.834285647578405,29.834909398772407,29.835538685355456,29.836173255455446,29.836812821395625,29.83745706036801,29.83810561532035,29.83875809572601,29.83941407863634,29.840073109741148,29.840734704540882,29.84139834945972,29.84206350325671,29.842729598316993,29.84339604212958,29.844062218740724,29.844727490314458,29.84539119874656,29.846052667283953,29.846711202186388,29.84736609441593,29.84801662144637,29.848662049097406,29.849301633299724,29.84993462185769,29.850560256373097,29.851177774076533,29.851786409664818,29.852385397197054,29.852973971780195,29.853551371600545,29.854116839489343,29.854669624904815,29.8552089854567,29.855734188773457,29.85624451405926,29.856739253629712,29.857217714619477,29.857679220357237,29.85812311185957,29.85854874918628,29.858955518603025,29.859342818871543,29.85971006877026,29.86005671548874,29.86038223164832,29.86068611838553,29.86096790131259,29.861227136562512,29.861463404356577,29.86167631286385,29.861865502824394,29.862030639431673,29.862171417512414,29.86228756236488,29.86237882812883,29.862444999928165,29.862485891149774,29.86250134576169,29.86249123838763,29.862455470584433,29.86239397283821,29.862306703832484,29.862193648602855,29.86205481768049,29.861890246661115,29.861699996127754,29.861484147639956,29.86124280948392,29.860976108180893,29.860684189990394,29.860367220772154,29.860025385008516,29.859658884260806,29.859267932549272,29.858852760399984,29.8584136108239,29.857950734499433,29.857464394391673,29.856954857066867,29.85642239854056,29.855867298567038,29.85528983879864,29.85469030186427,29.854068974538023,29.853426141861323,29.85276208166838,29.852077069790365,29.851371375401577,29.850645260142265,29.849898979452895,29.849132778797774,29.848346892287495,29.84754154235309,29.8467169390532,29.845873278445154,29.845010740737777,29.844129491953804,29.84322968201332,29.84231144318754,29.841374890804786,29.840420121195724,29.839447212622172,29.83845622513184,29.837447200249315,29.836420158848476,29.835375103778706,29.83431201894968,29.8332308696262,29.83213160257218,29.83101414623336,29.829878411734555,29.82872429314188,29.82755166819592,29.826360398649513,29.825150331832923,29.8239213007198,29.82267312529474,29.821405613458253,29.820118562216052,29.818811758958258,29.81748498245669,29.81613800399935,29.81477058955797,29.81338250020322,29.81197349394599,29.810543326937147,29.809091755532222,29.807618537099703,29.80612343156125,29.804606203591366,29.803066623549622,29.80150446903482,29.799919527305427,29.798311595297978,29.796680482338076,29.79502601105166,29.793348018662137,29.791646358981655,29.789920903053876,29.788171540157403,29.7863981807131,29.784600756476564,29.78277922127787,29.780933553010335,29.779063752898768,29.777169848384066,29.77525189193877,29.773309964748524,29.771344174301753,29.76935465718424,29.767341578251294,29.765305130895253,29.763245538272198,29.761163053112508,29.759057958622797,29.756930566334976,29.754781216373548,29.7526102803406,29.750418157638816,29.748205277890783,29.745972094959708,29.74371909259365,29.741446782737466,29.73915570232826,29.736846413642155,29.73451950410252,29.73217558168027,29.72981527743398,29.727439244195185,29.72504815452346,29.722642698295317,29.720223584036447,29.71779153361942,29.7153472840839,29.712891584273258,29.710425192970867,29.707948881449582,29.705463424772105,29.702969604323368,29.700468207367564,29.6979600205945,29.695445832054517,29.692926429225725,29.69040259534526,29.6878751079963,29.68534473904142,29.68281225046896,29.680278394592218,29.677743910844814,29.67520952437368,29.67267595002534,29.67014387501214,29.66761397016513,29.665086887893686,29.66256325935378,29.660043692115895,29.657528768516283,29.655019044058896,29.652515046027982,29.65001727215157,29.647526189562853,29.645042233940426,29.64256580870554,29.64009728457761,29.63763699886051,29.635185254770636,29.632742320719107,29.630308429621003,29.627883778225232,29.625468526578835,29.62306279770693,29.62066667732982,29.61828021385963,29.615903418479625,29.61353626530141,29.61117869160024,29.608830598213622,29.606491849883486,29.60416227571872,29.601841669763346,29.599529791587425,29.597226367001053,29.594931088893354,29.592643618069275,29.590363584306118,29.588090587407777,29.585824198331526,29.583563960461436,29.581309390926663,29.579059981972314,29.57681520239011,29.574574498975604,29.572337298109392,29.57010300729792,29.567871016821456,29.565640701352418,29.563411421672917,29.561182526406743,29.558953353674948,29.556723232956465,29.554491486830855,29.552257432724854,29.550020384732747,29.54777965538632,29.545534557488867,29.543284405819175,29.541028518989116,29.538766221146552,29.536496843705653,29.53421972702691,29.531934222120125,29.529639692260098,29.52733551465505,29.525021082008216,29.5226958039593,29.520359108610975,29.518010450839203,29.515649294786936,29.513275127324818,29.510887464233196,29.508485845702758,29.50606984054605,29.50363904215581,29.50119307420398,29.498731588810305,29.49625426792858,29.49376082508682,29.491251005008554,29.488724582035147,29.48618136265434,29.483621187300884,29.481043931118478,29.478449501508198,29.47583784031108,29.473208924423346,29.470562765467477,29.467899409452475,29.465218936361474,29.462521459049103,29.459807123568456,29.457076111311867,29.454328635376545,29.451564942357127,29.448785310146718,29.445990047356016,29.443179495693293,29.44035402573318,29.437514039170768,29.434659966406983,29.431792265907546,29.428911424461283,29.426017953924188,29.42311239222486,29.420195302542357,29.41726726995491,29.41432890143152,29.41138082583063,29.408423694241698,29.405458172202117,29.40248494655928,29.399504719682614,29.396518208824613,29.393526145121164,29.39052927445518,29.387528355233677,29.384524154586526,29.38151745268734,29.378509035953222,29.375499699060097,29.37249024297861,29.369481473906458,29.36647420345595,29.363469245229286,29.360467416352705,29.35746953442449,29.35447641728185,29.351488880984274,29.348507739653527,29.34553380605596,29.342567890016284,29.339610795926724,29.336663324803503,29.333726269672116,29.330800419205485,29.327886552441306,29.324985443113302,29.322097855615834,29.319224545783207,29.31636626118591,29.31352373790219,29.310697701936125,29.307888870113583,29.30509794834987,29.302325632536537,29.29957260454483,29.296839535345704,29.294127083042003,29.291435897421557,29.288766615055852,29.286119857954272,29.283496236611228,29.280896351623415,29.278320791837988,29.275770131884123,29.273244933995265,29.270745751734147,29.268273126398977,29.26582758505317,29.263409643768654,29.261019809961066,29.25865857960194,29.256326439778963,29.254023861932026,29.251751314576662,29.249509252071384,29.24729811892631,29.245118348768656,29.242970370580267,29.24085460356896,29.238771455636165,29.236721331207345,29.234704620740736,29.23272170773112,29.23077297378795,29.228858791661196,29.22697952386566,29.225135526542417,29.223327150315725,29.221554741441015,29.219818641708024,29.21811918044818,29.216456685369707,29.214831482474125,29.21324388420148,29.211694200490584,29.210182739644125,29.208709803841852,29.207275687488785,29.205880680787228,29.20452507205882,29.20320914126816,29.201933164368924,29.20069741625899,29.19950216241716,29.19834766426533,29.197234178500935,29.196161960556125,29.195131255518405,29.19414230165221,29.193195335245218,29.192290586493318,29.191428278208015,29.19060862457604,29.189831838746926,29.18909812385583,29.18840767606244,29.187760684837247,29.18715732909751,29.186597780582996,29.186082206944093,29.185610761924686,29.18518359110812,29.1848008306818,29.184462604981277,29.18416903175647,29.18392021329009,29.18371624348721,29.183557199185998,29.183443155604795,29.183374164537565,29.183350267736905,29.183371493246767,29.1834378570165,29.183549354864816,29.18370597451557,29.183907682099868,29.18415443241097,29.184446159689383,29.184782781538757,29.1851641987731,29.18559029318651,29.18606093134552,29.18657595965205,29.187135203557233,29.18773847424903,29.18838555924916,29.1890762276601,29.189810220884354,29.19058726492161,29.19140707027013,29.192269325588672,29.19317369737718,29.19411983005223,29.195107346281496,29.19613584705467,29.197204911930417,29.198314099115564,29.199462945582628,29.200650967475905,29.20187766021307,29.20314249892038,29.204444938703524,29.205784414770662,29.207160342778444,29.20857211903663,29.21001912087408,29.211500707130394,29.2130162185324,29.214564978399025,29.216146293277532,29.217759453689613,29.21940373490484,29.22107839765282,29.22278268900933,29.22451584302652,29.226277081683623,29.22806562476939,29.229880669216723,29.231721398996218,29.233586996119033,29.23547663248166,29.237389476076768,29.239324690872746,29.241281434981786,29.243258867151862,29.24525614310429,29.247272416900188,29.249306842973343,29.251358576869293,29.253426779548555,29.25551061354804,29.25760924960718,29.259721864024378,29.26184764257947,29.26398577967903,29.26613548173378,29.268295964319005,29.270466458103844,29.272646207946597,