  0.01 +0.00000000 +15.00000000
  0.02 +0.00000000 +15.00000000
  0.03 +0.00000000 +15.00000000
  0.04 +0.00000000 +15.00000000
  0.05 +0.00000000 +15.00000000
  0.06 +0.00000000 +15.00000000
  0.07 +0.00000000 +15.00000000
  0.08 +0.00000000 +15.00000000
  0.09 +0.00000000 +15.00000000
  0.10 +0.00000000 +15.00000000
  0.11 +0.00000000 +15.00000000
  0.12 +0.00000000 +15.00000000
  0.13 +0.00000000 +15.00000000
  0.14 +0.00000000 +15.00000000
  0.15 +0.00000000 +15.00000000
  0.16 +0.00000000 +15.00000000
  0.17 +0.00000000 +15.00000000
  0.18 +0.00000000 +15.00000000
  0.19 +0.00000000 +15.00000000
  0.20 +0.00000000 +15.00000000
  0.21 +0.00000000 +15.00000000
  0.22 +0.00000000 +15.00000000
  0.23 +0.00000000 +15.00000000
  0.24 +0.00000000 +15.00000000
  0.25 +0.00000000 +15.00000000
  0.26 +0.00000000 +15.00000000
  0.27 +0.00000000 +15.00000000
  0.28 +0.00000000 +15.00000000
  0.29 +0.00000000 +15.00000000
  0.30 +0.00000000 +15.00000000
  0.31 +0.00000000 +15.00000000
  0.32 +0.00000000 +15.00000000
  0.33 +0.00000000 +15.00000000
  0.34 +0.00000000 +15.00000000
  0.35 +0.00000000 +15.00000000
  0.36 +0.00000000 +15.00000000
  0.37 +0.00000000 +15.00000000
  0.38 +0.00000000 +15.00000000
  0.39 +0.00000000 +15.00000000
  0.40 +0.00000000 +15.00000000
  0.41 +0.00000000 +15.00000000
  0.42 +0.00000000 +15.00000000
  0.43 +0.00000000 +15.00000000
  0.44 +0.00000000 +15.00000000
  0.45 +0.00000000 +15.00000000
  0.46 +0.00000000 +15.00000000
  0.47 +0.00000000 +15.00000000
  0.48 +0.00000000 +15.00000000
  0.49 +0.00000000 +15.00000000
  0.50 +0.00000000 +15.00000000
  0.51 +0.00000000 +15.00000000
  0.52 +0.00000000 +15.00000000
  0.53 +0.00000000 +15.00000000
  0.54 +0.00000000 +15.00000000
  0.55 +0.00000000 +15.00000000
  0.56 +0.00000000 +15.00000000
  0.57 +0.00000000 +15.00000000
  0.58 +0.00000000 +15.00000000
  0.59 +0.00000000 +15.00000000
  0.60 +0.00000000 +15.00000000
  0.61 +0.00000000 +15.00000000
  0.62 +0.00000000 +15.00000000
  0.63 +0.00000000 +15.00000000
  0.64 +0.00000000 +15.00000000
  0.65 +0.00000000 +15.00000000
  0.66 +0.00000000 +15.00000000
  0.67 +0.00000000 +15.00000000
  0.68 +0.00000000 +15.00000000
  0.69 +0.00000000 +15.00000000
  0.70 +0.00000000 +15.00000000
  0.71 +0.00000000 +15.00000000
  0.72 +0.00000000 +15.00000000
  0.73 +0.00000000 +15.00000000
  0.74 +0.00000000 +15.00000000
  0.75 +0.00000000 +15.00000000
  0.76 +0.00000000 +15.00000000
  0.77 +0.00000000 +15.00000000
  0.78 +0.00000000 +15.00000000
  0.79 +0.00000000 +15.00000000
  0.80 +0.00000000 +15.00000000
  0.81 +0.00000000 +15.00000000
  0.82 +0.00000000 +15.00000000
  0.83 +0.00000000 +15.00000000
  0.84 +0.00000000 +15.00000000
  0.85 +0.00000000 +15.00000000
  0.86 +0.00000000 +15.00000000
  0.87 +0.00000000 +15.00000000
  0.88 +0.00000000 +15.00000000
  0.89 +0.00000000 +15.00000000
  0.90 +0.00000000 +15.00000000
  0.91 +0.00000000 +15.00000000
  0.92 +0.00000000 +15.00000000
  0.93 +0.00000000 +15.00000000
  0.94 +0.00000000 +15.00000000
  0.95 +0.00000000 +15.00000000
  0.96 +0.00000000 +15.00000000
  0.97 +0.00000000 +15.00000000
  0.98 +0.00000000 +15.00000000
  0.99 +0.00000000 +15.00000000
  1.00 +0.00000000 +15.00000000
  1.01 +0.00000000 +15.00000000
  1.02 +0.00000000 +15.00000000
  1.03 +0.00000000 +15.00000000
  1.04 +0.00000000 +15.00000000
  1.05 +0.00000000 +15.00000000
  1.06 +0.00000000 +15.00000000
  1.07 +0.00000000 +15.00000000
  1.08 +0.00000000 +15.00000000
  1.09 +0.00000000 +15.00000000
  1.10 +0.00000000 +15.00000000
  1.11 +0.00000000 +15.00000000
  1.12 +0.00000000 +15.00000000
  1.13 +0.00000000 +15.00000000
  1.14 +0.00000000 +15.00000000
  1.15 +0.00000000 +15.00000000
  1.16 +0.00000000 +15.00000000
  1.17 +0.00000000 +15.00000000
  1.18 +0.00000000 +15.00000000
  1.19 +0.00000000 +15.00000000
  1.20 +0.00000000 +15.00000000
  1.21 +0.00000000 +15.00000000
  1.22 +0.00000000 +15.00000000
  1.23 +0.00000000 +15.00000000
  1.24 +0.00000000 +15.00000000
  1.25 +0.00000000 +15.00000000
  1.26 +0.00000000 +15.00000000
  1.27 +0.00000000 +15.00000000
  1.28 +0.00000000 +15.00000000
  1.29 +0.00000000 +15.00000000
  1.30 +0.00000000 +15.00000000
  1.31 +0.00000000 +15.00000000
  1.32 +0.00000000 +15.00000000
  1.33 +0.00000000 +15.00000000
  1.34 +0.00000000 +15.00000000
  1.35 +0.00000000 +15.00000000
  1.36 +0.00000000 +15.00000000
  1.37 +0.00000000 +15.00000000
  1.38 +0.00000000 +15.00000000
  1.39 +0.00000000 +15.00000000
  1.40 +0.00000000 +15.00000000
  1.41 +0.00000000 +15.00000000
  1.42 +0.00000000 +15.00000000
  1.43 +0.00000000 +15.00000000
  1.44 +0.00000000 +15.00000000
  1.45 +0.00000000 +15.00000000
  1.46 +0.00000000 +15.00000000
  1.47 +0.00000000 +15.00000000
  1.48 +0.00000000 +15.00000000
  1.49 +0.00000000 +15.00000000
  1.50 +0.00000000 +15.00000000
  1.51 +0.00000000 +15.00000000
  1.52 +0.00000000 +15.00000000
  1.53 +0.00000000 +15.00000000
  1.54 +0.00000000 +15.00000000
  1.55 +0.00000000 +15.00000000
  1.56 +0.00000000 +15.00000000
  1.57 +0.00000000 +15.00000000
  1.58 +0.00000000 +15.00000000
  1.59 +0.00000000 +15.00000000
  1.60 +0.00000000 +15.00000000
  1.61 +0.00000000 +15.00000000
  1.62 +0.00000000 +15.00000000
  1.63 +0.00000000 +15.00000000
  1.64 +0.00000000 +15.00000000
  1.65 +0.00000000 +15.00000000
  1.66 +0.00000000 +15.00000000
  1.67 +0.00000000 +15.00000000
  1.68 +0.00000000 +15.00000000
  1.69 +0.00000000 +15.00000000
  1.70 +0.00000000 +15.00000000
  1.71 +0.00000000 +15.00000000
  1.72 +0.00000000 +15.00000000
  1.73 +0.00000000 +15.00000000
  1.74 +0.00000000 +15.00000000
  1.75 +0.00000000 +15.00000000
  1.76 +0.00000000 +15.00000000
  1.77 +0.00000000 +15.00000000
  1.78 +0.00000000 +15.00000000
  1.79 +0.00000000 +15.00000000
  1.80 +0.00000000 +15.00000000
  1.81 +0.00000000 +15.00000000
  1.82 +0.00000000 +15.00000000
  1.83 +0.00000000 +15.00000000
  1.84 +0.00000000 +15.00000000
  1.85 +0.00000000 +15.00000000
  1.86 +0.00000000 +15.00000000
  1.87 +0.00000000 +15.00000000
  1.88 +0.00000000 +15.00000000
  1.89 +0.00000000 +15.00000000
  1.90 +0.00000000 +15.00000000
  1.91 +0.00000000 +15.00000000
  1.92 +0.00000000 +15.00000000
  1.93 +0.00000000 +15.00000000
  1.94 +0.00000000 +15.00000000
  1.95 +0.00000000 +15.00000000
  1.96 +0.00000000 +15.00000000
  1.97 +0.00000000 +15.00000000
  1.98 +0.00000000 +15.00000000
  1.99 +0.00000000 +15.00000000
  2.00 +0.00000000 +15.00000000
  2.01 +0.00000000 +15.00000000
  2.02 +0.00000000 +15.00000000
  2.03 +0.00000000 +15.00000000
  2.04 +0.00000000 +15.00000000
  2.05 +0.00000000 +15.00000000
  2.06 +0.00000000 +15.00000000
  2.07 +0.00000000 +15.00000000
  2.08 +0.00000000 +15.00000000
  2.09 +0.00000000 +15.00000000
  2.10 +0.00000000 +15.00000000
  2.11 +0.00000000 +15.00000000
  2.12 +0.00000000 +15.00000000
  2.13 +0.00000000 +15.00000000
  2.14 +0.00000000 +15.00000000
  2.15 +0.00000000 +15.00000000
  2.16 +0.00000000 +15.00000000
  2.17 +0.00000000 +15.00000000
  2.18 +0.00000000 +15.00000000
  2.19 +0.00000000 +15.00000000
  2.20 +0.00000000 +15.00000000
  2.21 +0.00000000 +15.00000000
  2.22 +0.00000000 +15.00000000
  2.23 +0.00000000 +15.00000000
  2.24 +0.00000000 +15.00000000
  2.25 +0.00000000 +15.00000000
  2.26 +0.00000000 +15.00000000
  2.27 +0.00000000 +15.00000000
  2.28 +0.00000000 +15.00000000
  2.29 +0.00000000 +15.00000000
  2.30 +0.00000000 +15.00000000
  2.31 +0.00000000 +15.00000000
  2.32 +0.00000000 +15.00000000
  2.33 +0.00000000 +15.00000000
  2.34 +0.00000000 +15.00000000
  2.35 +0.00000000 +15.00000000
  2.36 +0.00000000 +15.00000000
  2.37 +0.00000000 +15.00000000
  2.38 +0.00000000 +15.00000000
  2.39 +0.00000000 +15.00000000
  2.40 +0.00000000 +15.00000000
  2.41 +0.00000000 +15.00000000
  2.42 +0.00000000 +15.00000000
  2.43 +0.00000000 +15.00000000
  2.44 +0.00000000 +15.00000000
  2.45 +0.00000000 +15.00000000
  2.46 +0.00000000 +15.00000000
  2.47 +0.00000000 +15.00000000
  2.48 +0.00000000 +15.00000000
  2.49 +0.00000000 +15.00000000
  2.50 +0.00000000 +15.00000000
  2.51 +0.00000000 +15.00000000
  2.52 +0.00000000 +15.00000000
  2.53 +0.00000000 +15.00000000
  2.54 +0.00000000 +15.00000000
  2.55 +0.00000000 +15.00000000
  2.56 +0.00000000 +15.00000000
  2.57 +0.00000000 +15.00000000
  2.58 +0.00000000 +15.00000000
  2.59 +0.00000000 +15.00000000
  2.60 +0.00000000 +15.00000000
  2.61 +0.00000000 +15.00000000
  2.62 +0.00000000 +15.00000000
  2.63 +0.00000000 +15.00000000
  2.64 +0.00000000 +15.00000000
  2.65 +0.00000000 +15.00000000
  2.66 +0.00000000 +15.00000000
  2.67 +0.00000000 +15.00000000
  2.68 +0.00000000 +15.00000000
  2.69 +0.00000000 +15.00000000
  2.70 +0.00000000 +15.00000000
  2.71 +0.00000000 +15.00000000
  2.72 +0.00000000 +15.00000000
  2.73 +0.00000000 +15.00000000
  2.74 +0.00000000 +15.00000000
  2.75 +0.00000000 +15.00000000
  2.76 +0.00000000 +15.00000000
  2.77 +0.00000000 +15.00000000
  2.78 +0.00000000 +15.00000000
  2.79 +0.00000000 +15.00000000
  2.80 +0.00000000 +15.00000000
  2.81 +0.00000000 +15.00000000
  2.82 +0.00000000 +15.00000000
  2.83 +0.00000000 +15.00000000
  2.84 +0.00000000 +15.00000000
  2.85 +0.00000000 +15.00000000
  2.86 +0.00000000 +15.00000000
  2.87 +0.00000000 +15.00000000
  2.88 +0.00000000 +15.00000000
  2.89 +0.00000000 +15.00000000
  2.90 +0.00000000 +15.00000000
  2.91 +0.00000000 +15.00000000
  2.92 +0.00000000 +15.00000000
  2.93 +0.00000000 +15.00000000
  2.94 +0.00000000 +15.00000000
  2.95 +0.00000000 +15.00000000
  2.96 +0.00000000 +15.00000000
  2.97 +0.00000000 +15.00000000
  2.98 +0.00000000 +15.00000000
  2.99 +0.00000000 +15.00000000
  3.00 +0.00000000 +15.00000000
  3.01 +0.00000000 +15.00000000
  3.02 +0.00000000 +15.00000000
  3.03 +0.00000000 +15.00000000
  3.04 +0.00000000 +15.00000000
  3.05 +0.00000000 +15.00000000
  3.06 +0.00000000 +15.00000000
  3.07 +0.00000000 +15.00000000
  3.08 +0.00000000 +15.00000000
  3.09 +0.00000000 +15.00000000
  3.10 +0.00000000 +15.00000000
  3.11 +0.00000000 +15.00000000
  3.12 +0.00000000 +15.00000000
  3.13 +0.00000000 +15.00000000
  3.14 +0.00000000 +15.00000000
  3.15 +0.00000000 +15.00000000
  3.16 +0.00000000 +15.00000000
  3.17 +0.00000000 +15.00000000
  3.18 +0.00000000 +15.00000000
  3.19 +0.00000000 +15.00000000
  3.20 +0.00000000 +15.00000000
  3.21 +0.00000000 +15.00000000
  3.22 +0.00000000 +15.00000000
  3.23 +0.00000000 +15.00000000
  3.24 +0.00000000 +15.00000000
  3.25 +0.00000000 +15.00000000
  3.26 +0.00000000 +15.00000000
  3.27 +0.00000000 +15.00000000
  3.28 +0.00000000 +15.00000000
  3.29 +0.00000000 +15.00000000
  3.30 +0.00000000 +15.00000000
  3.31 +0.00000000 +15.00000000
  3.32 +0.00000000 +15.00000000
  3.33 +0.00000000 +15.00000000
  3.34 +0.00000000 +15.00000000
  3.35 +0.00000000 +15.00000000
  3.36 +0.00000000 +15.00000000
  3.37 +0.00000000 +14.99999999
  3.38 +0.00000000 +14.99999999
  3.39 +0.00000000 +15.00000000
  3.40 +0.00000000 +15.00000000
  3.41 +0.00000000 +15.00000000
  3.42 +0.00000000 +14.99999999
  3.43 +0.00000000 +14.99999999
  3.44 +0.00000000 +14.99999999
  3.45 +0.00000000 +14.99999999
  3.46 +0.00000000 +14.99999999
  3.47 +0.00000000 +14.99999999
  3.48 +0.00000000 +14.99999999
  3.49 +0.00000000 +14.99999999
  3.50 +0.00000000 +14.99999999
  3.51 +0.00000000 +14.99999999
  3.52 +0.00000000 +14.99999998
  3.53 +0.00000000 +14.99999998
  3.54 +0.00000000 +14.99999998
  3.55 +0.00000000 +14.99999998
  3.56 +0.00000000 +14.99999998
  3.57 +0.00000000 +14.99999998
  3.58 +0.00000000 +14.99999998
  3.59 +0.00000000 +14.99999998
  3.60 +0.00000000 +14.99999998
  3.61 +0.00000000 +14.99999998
  3.62 +0.00000000 +14.99999997
  3.63 +0.00000000 +14.99999997
  3.64 +0.00000000 +14.99999997
  3.65 +0.00000000 +14.99999997
  3.66 +0.00000000 +14.99999997
  3.67 +0.00000000 +14.99999997
  3.68 +0.00000000 +14.99999997
  3.69 +0.00000000 +14.99999996
  3.70 +0.00000000 +14.99999996
  3.71 +0.00000000 +14.99999996
  3.72 +0.00000000 +14.99999996
  3.73 +0.00000000 +14.99999996
  3.74 +0.00000000 +14.99999996
  3.75 +0.00000000 +14.99999995
  3.76 +0.00000000 +14.99999995
  3.77 +0.00000000 +14.99999995
  3.78 +0.00000000 +14.99999995
  3.79 +0.00000000 +14.99999995
  3.80 +0.00000000 +14.99999994
  3.81 +0.00000000 +14.99999994
  3.82 +0.00000000 +14.99999994
  3.83 +0.00000000 +14.99999994
  3.84 +0.00000000 +14.99999994
  3.85 +0.00000000 +14.99999993
  3.86 +0.00000000 +14.99999993
  3.87 +0.00000000 +14.99999993
  3.88 +0.00000000 +14.99999993
  3.89 +0.00000000 +14.99999992
  3.90 +0.00000000 +14.99999992
  3.91 +0.00000000 +14.99999992
  3.92 +0.00000000 +14.99999992
  3.93 +0.00000000 +14.99999991
  3.94 +0.00000000 +14.99999991
  3.95 +0.00000000 +14.99999991
  3.96 +0.00000000 +14.99999990
  3.97 +0.00000000 +14.99999990
  3.98 +0.00000000 +14.99999990
  3.99 +0.00000000 +14.99999990
  4.00 +0.00000000 +14.99999989
  4.01 +0.00000000 +14.99999989
  4.02 +0.00000000 +14.99999989
  4.03 +0.00000000 +14.99999988
  4.04 +0.00000000 +14.99999988
  4.05 +0.00000000 +14.99999988
  4.06 +0.00000000 +14.99999987
  4.07 +0.00000000 +14.99999987
  4.08 +0.00000000 +14.99999987
  4.09 +0.00000000 +14.99999986
  4.10 +0.00000000 +14.99999986
  4.11 +0.00000000 +14.99999985
  4.12 +0.00000000 +14.99999985
  4.13 +0.00000000 +14.99999985
  4.14 +0.00000000 +14.99999984
  4.15 +0.00000000 +14.99999984
  4.16 +0.00000000 +14.99999983
  4.17 +0.00000000 +14.99999983
  4.18 +0.00000000 +14.99999983
  4.19 +0.00000000 +14.99999982
  4.20 +0.00000000 +14.99999982
  4.21 +0.00000000 +14.99999981
  4.22 +0.00000000 +14.99999981
  4.23 +0.00000000 +14.99999980
  4.24 +0.00000000 +14.99999980
  4.25 +0.00000000 +14.99999979
  4.26 +0.00000000 +14.99999979
  4.27 +0.00000000 +14.99999978
  4.28 +0.00000000 +14.99999978
  4.29 +0.00000000 +14.99999977
  4.30 +0.00000000 +14.99999977
  4.31 +0.00000000 +14.99999976
  4.32 +0.00000000 +14.99999976
  4.33 +0.00000000 +14.99999975
  4.34 +0.00000000 +14.99999975
  4.35 +0.00000000 +14.99999974
  4.36 +0.00000000 +14.99999973
  4.37 +0.00000000 +14.99999973
  4.38 +0.00000000 +14.99999972
  4.39 +0.00000000 +14.99999971
  4.40 +0.00000000 +14.99999971
  4.41 +0.00000000 +14.99999970
  4.42 +0.00000000 +14.99999970
  4.43 +0.00000000 +14.99999969
  4.44 +0.00000000 +14.99999968
  4.45 +0.00000000 +14.99999967
  4.46 +0.00000000 +14.99999967
  4.47 +0.00000000 +14.99999966
  4.48 +0.00000000 +14.99999965
  4.49 +0.00000000 +14.99999964
  4.50 +0.00000000 +14.99999964
  4.51 +0.00000000 +14.99999963
  4.52 +0.00000000 +14.99999962
  4.53 +0.00000000 +14.99999961
  4.54 +0.00000000 +14.99999960
  4.55 +0.00000000 +14.99999960
  4.56 +0.00000000 +14.99999959
  4.57 +0.00000000 +14.99999958
  4.58 +0.00000000 +14.99999957
  4.59 +0.00000000 +14.99999956
  4.60 +0.00000000 +14.99999955
  4.61 +0.00000000 +14.99999954
  4.62 +0.00000000 +14.99999953
  4.63 +0.00000000 +14.99999952
  4.64 +0.00000000 +14.99999951
  4.65 +0.00000000 +14.99999950
  4.66 +0.00000000 +14.99999949
  4.67 +0.00000000 +14.99999948
  4.68 +0.00000000 +14.99999947
  4.69 +0.00000000 +14.99999946
  4.70 +0.00000000 +14.99999944
  4.71 +0.00000000 +14.99999943
  4.72 +0.00000000 +14.99999942
  4.73 +0.00000000 +14.99999941
  4.74 +0.00000000 +14.99999940
  4.75 +0.00000000 +14.99999938
  4.76 +0.00000000 +14.99999937
  4.77 +0.00000000 +14.99999936
  4.78 +0.00000000 +14.99999934
  4.79 +0.00000000 +14.99999933
  4.80 +0.00000000 +14.99999932
  4.81 +0.00000000 +14.99999930
  4.82 +0.00000000 +14.99999929
  4.83 +0.00000000 +14.99999927
  4.84 +0.00000000 +14.99999926
  4.85 +0.00000000 +14.99999924
  4.86 +0.00000000 +14.99999923
  4.87 +0.00000000 +14.99999921
  4.88 +0.00000000 +14.99999920
  4.89 +0.00000000 +14.99999918
  4.90 +0.00000000 +14.99999916
  4.91 +0.00000000 +14.99999915
  4.92 +0.00000000 +14.99999913
  4.93 +0.00000000 +14.99999911
  4.94 +0.00000000 +14.99999909
  4.95 +0.00000000 +14.99999907
  4.96 +0.00000000 +14.99999905
  4.97 +0.00000000 +14.99999904
  4.98 +0.00000000 +14.99999902
  4.99 +0.00000000 +14.99999900
  5.00 +0.00000000 +14.99999898
  5.01 +0.00000000 +14.99999896
  5.02 +0.00000000 +14.99999893
  5.03 +0.00000000 +14.99999891
  5.04 +0.00000000 +14.99999889
  5.05 +0.00000000 +14.99999887
  5.06 +0.00000000 +14.99999885
  5.07 +0.00000000 +14.99999882
  5.08 +0.00000000 +14.99999880
  5.09 +0.00000000 +14.99999878
  5.10 +0.00000000 +14.99999875
  5.11 +0.00000000 +14.99999873
  5.12 +0.00000000 +14.99999870
  5.13 +0.00000000 +14.99999867
  5.14 +0.00000000 +14.99999865
  5.15 +0.00000000 +14.99999862
  5.16 +0.00000000 +14.99999859
  5.17 +0.00000000 +14.99999857
  5.18 +0.00000000 +14.99999854
  5.19 +0.00000000 +14.99999851
  5.20 +0.00000000 +14.99999848
  5.21 +0.00000000 +14.99999845
  5.22 +0.00000000 +14.99999842
  5.23 +0.00000000 +14.99999839
  5.24 +0.00000000 +14.99999836
  5.25 +0.00000000 +14.99999833
  5.26 +0.00000000 +14.99999829
  5.27 +0.00000000 +14.99999826
  5.28 +0.00000000 +14.99999823
  5.29 +0.00000000 +14.99999819
  5.30 +0.00000000 +14.99999816
  5.31 +0.00000000 +14.99999812
  5.32 +0.00000000 +14.99999808
  5.33 +0.00000000 +14.99999805
  5.34 +0.00000000 +14.99999801
  5.35 +0.00000000 +14.99999797
  5.36 +0.00000000 +14.99999793
  5.37 +0.00000000 +14.99999789
  5.38 +0.00000000 +14.99999785
  5.39 +0.00000000 +14.99999781
  5.40 +0.00000000 +14.99999777
  5.41 +0.00000000 +14.99999773
  5.42 +0.00000000 +14.99999768
  5.43 +0.00000000 +14.99999764
  5.44 +0.00000000 +14.99999759
  5.45 +0.00000000 +14.99999755
  5.46 +0.00000000 +14.99999750
  5.47 +0.00000000 +14.99999745
  5.48 +0.00000000 +14.99999741
  5.49 +0.00000000 +14.99999736
  5.50 +0.00000000 +14.99999731
  5.51 +0.00000000 +14.99999726
  5.52 +0.00000000 +14.99999721
  5.53 +0.00000000 +14.99999715
  5.54 +0.00000000 +14.99999710
  5.55 +0.00000000 +14.99999705
  5.56 +0.00000000 +14.99999699
  5.57 +0.00000000 +14.99999693
  5.58 +0.00000000 +14.99999688
  5.59 +0.00000000 +14.99999682
  5.60 +0.00000000 +14.99999676
  5.61 +0.00000000 +14.99999670
  5.62 +0.00000000 +14.99999664
  5.63 +0.00000000 +14.99999658
  5.64 +0.00000000 +14.99999651
  5.65 +0.00000000 +14.99999645
  5.66 +0.00000000 +14.99999638
  5.67 +0.00000000 +14.99999632
  5.68 +0.00000000 +14.99999625
  5.69 +0.00000000 +14.99999618
  5.70 +0.00000000 +14.99999611
  5.71 +0.00000000 +14.99999604
  5.72 +0.00000000 +14.99999597
  5.73 +0.00000000 +14.99999590
  5.74 +0.00000000 +14.99999582
  5.75 +0.00000000 +14.99999575
  5.76 +0.00000000 +14.99999567
  5.77 +0.00000000 +14.99999559
  5.78 +0.00000000 +14.99999551
  5.79 +0.00000000 +14.99999543
  5.80 +0.00000000 +14.99999535
  5.81 +0.00000000 +14.99999526
  5.82 +0.00000000 +14.99999518
  5.83 +0.00000000 +14.99999509
  5.84 +0.00000000 +14.99999501
  5.85 +0.00000000 +14.99999492
  5.86 +0.00000000 +14.99999483
  5.87 +0.00000000 +14.99999473
  5.88 +0.00000000 +14.99999464
  5.89 +0.00000000 +14.99999455
  5.90 +0.00000000 +14.99999445
  5.91 +0.00000000 +14.99999435
  5.92 +0.00000000 +14.99999425
  5.93 +0.00000000 +14.99999415
  5.94 +0.00000000 +14.99999405
  5.95 +0.00000000 +14.99999394
  5.96 +0.00000000 +14.99999384
  5.97 +0.00000000 +14.99999373
  5.98 +0.00000000 +14.99999362
  5.99 +0.00000000 +14.99999351
  6.00 +0.00000000 +14.99999340
  6.01 +0.00000000 +14.99999328
  6.02 +0.00000000 +14.99999317
  6.03 +0.00000000 +14.99999305
  6.04 +0.00000000 +14.99999293
  6.05 +0.00000000 +14.99999280
  6.06 +0.00000000 +14.99999268
  6.07 +0.00000000 +14.99999255
  6.08 +0.00000000 +14.99999243
  6.09 +0.00000000 +14.99999230
  6.10 +0.00000000 +14.99999216
  6.11 +0.00000000 +14.99999203
  6.12 +0.00000000 +14.99999189
  6.13 +0.00000000 +14.99999176
  6.14 +0.00000000 +14.99999161
  6.15 +0.00000000 +14.99999147
  6.16 +0.00000000 +14.99999133
  6.17 +0.00000000 +14.99999118
  6.18 +0.00000000 +14.99999103
  6.19 +0.00000000 +14.99999088
  6.20 +0.00000000 +14.99999073
  6.21 +0.00000000 +14.99999057
  6.22 +0.00000000 +14.99999041
  6.23 +0.00000000 +14.99999025
  6.24 +0.00000000 +14.99999009
  6.25 +0.00000000 +14.99998992
  6.26 +0.00000000 +14.99998975
  6.27 +0.00000000 +14.99998958
  6.28 +0.00000000 +14.99998941
  6.29 +0.00000000 +14.99998923
  6.30 +0.00000000 +14.99998905
  6.31 +0.00000000 +14.99998887
  6.32 +0.00000000 +14.99998868
  6.33 +0.00000000 +14.99998849
  6.34 +0.00000000 +14.99998829
  6.35 +0.00000000 +14.99998810
  6.36 +0.00000000 +14.99998790
  6.37 +0.00000000 +14.99998770
  6.38 +0.00000000 +14.99998750
  6.39 +0.00000000 +14.99998729
  6.40 +0.00000000 +14.99998708
  6.41 +0.00000000 +14.99998687
  6.42 +0.00000000 +14.99998665
  6.43 +0.00000000 +14.99998643
  6.44 +0.00000000 +14.99998621
  6.45 +0.00000000 +14.99998598
  6.46 +0.00000000 +14.99998575
  6.47 +0.00000000 +14.99998552
  6.48 +0.00000000 +14.99998529
  6.49 +0.00000000 +14.99998505
  6.50 +0.00000000 +14.99998480
  6.51 +0.00000000 +14.99998456
  6.52 +0.00000000 +14.99998431
  6.53 +0.00000000 +14.99998406
  6.54 +0.00000000 +14.99998380
  6.55 +0.00000000 +14.99998354
  6.56 +0.00000000 +14.99998328
  6.57 +0.00000000 +14.99998301
  6.58 +0.00000000 +14.99998274
  6.59 +0.00000000 +14.99998246
  6.60 +0.00000000 +14.99998218
  6.61 +0.00000000 +14.99998190
  6.62 +0.00000000 +14.99998161
  6.63 +0.00000000 +14.99998132
  6.64 +0.00000000 +14.99998103
  6.65 +0.00000000 +14.99998073
  6.66 +0.00000000 +14.99998042
  6.67 +0.00000000 +14.99998012
  6.68 +0.00000000 +14.99997980
  6.69 +0.00000000 +14.99997949
  6.70 +0.00000000 +14.99997917
  6.71 +0.00000000 +14.99997884
  6.72 +0.00000000 +14.99997851
  6.73 +0.00000000 +14.99997818
  6.74 +0.00000000 +14.99997784
  6.75 +0.00000000 +14.99997750
  6.76 +0.00000000 +14.99997715
  6.77 +0.00000000 +14.99997679
  6.78 +0.00000000 +14.99997643
  6.79 +0.00000000 +14.99997607
  6.80 +0.00000000 +14.99997570
  6.81 +0.00000000 +14.99997533
  6.82 +0.00000000 +14.99997495
  6.83 +0.00000000 +14.99997457
  6.84 +0.00000000 +14.99997418
  6.85 +0.00000000 +14.99997379
  6.86 +0.00000000 +14.99997339
  6.87 +0.00000000 +14.99997298
  6.88 +0.00000000 +14.99997257
  6.89 +0.00000000 +14.99997216
  6.90 +0.00000000 +14.99997173
  6.91 +0.00000000 +14.99997131
  6.92 +0.00000000 +14.99997087
  6.93 +0.00000000 +14.99997044
  6.94 +0.00000000 +14.99996999
  6.95 +0.00000000 +14.99996954
  6.96 +0.00000000 +14.99996908
  6.97 +0.00000000 +14.99996862
  6.98 +0.00000000 +14.99996815
  6.99 +0.00000000 +14.99996767
  7.00 +0.00000000 +14.99996719
  7.01 +0.00000000 +14.99996670
  7.02 +0.00000000 +14.99996621
  7.03 +0.00000000 +14.99996571
  7.04 +0.00000000 +14.99996520
  7.05 +0.00000000 +14.99996468
  7.06 +0.00000000 +14.99996416
  7.07 +0.00000000 +14.99996363
  7.08 +0.00000000 +14.99996310
  7.09 +0.00000000 +14.99996255
  7.10 +0.00000000 +14.99996200
  7.11 +0.00000000 +14.99996145
  7.12 +0.00000000 +14.99996088
  7.13 +0.00000000 +14.99996031
  7.14 +0.00000000 +14.99995973
  7.15 +0.00000000 +14.99995914
  7.16 +0.00000000 +14.99995855
  7.17 +0.00000000 +14.99995794
  7.18 +0.00000000 +14.99995733
  7.19 +0.00000000 +14.99995671
  7.20 +0.00000000 +14.99995609
  7.21 +0.00000000 +14.99995545
  7.22 +0.00000000 +14.99995481
  7.23 +0.00000000 +14.99995415
  7.24 +0.00000000 +14.99995349
  7.25 +0.00000000 +14.99995283
  7.26 +0.00000000 +14.99995215
  7.27 +0.00000000 +14.99995146
  7.28 +0.00000000 +14.99995077
  7.29 +0.00000000 +14.99995006
  7.30 +0.00000000 +14.99994935
  7.31 +0.00000000 +14.99994862
  7.32 +0.00000000 +14.99994789
  7.33 +0.00000000 +14.99994715
  7.34 +0.00000000 +14.99994640
  7.35 +0.00000000 +14.99994564
  7.36 +0.00000000 +14.99994487
  7.37 +0.00000000 +14.99994409
  7.38 +0.00000000 +14.99994330
  7.39 +0.00000000 +14.99994250
  7.40 +0.00000000 +14.99994169
  7.41 +0.00000000 +14.99994087
  7.42 +0.00000000 +14.99994004
  7.43 +0.00000000 +14.99993920
  7.44 +0.00000000 +14.99993835
  7.45 +0.00000000 +14.99993748
  7.46 +0.00000000 +14.99993661
  7.47 +0.00000000 +14.99993573
  7.48 +0.00000000 +14.99993483
  7.49 +0.00000000 +14.99993392
  7.50 +0.00000000 +14.99993301
  7.51 +0.00000000 +14.99993208
  7.52 +0.00000000 +14.99993113
  7.53 +0.00000000 +14.99993018
  7.54 +0.00000000 +14.99992922
  7.55 +0.00000000 +14.99992824
  7.56 +0.00000000 +14.99992725
  7.57 +0.00000000 +14.99992625
  7.58 +0.00000000 +14.99992525
  7.59 +0.00000000 +14.99992424
  7.60 +0.00000000 +14.99992322
  7.61 +0.00000000 +14.99992218
  7.62 +0.00000000 +14.99992113
  7.63 +0.00000000 +14.99992006
  7.64 +0.00000000 +14.99991898
  7.65 +0.00000000 +14.99991789
  7.66 +0.00000000 +14.99991679
  7.67 +0.00000000 +14.99991567
  7.68 +0.00000000 +14.99991453
  7.69 +0.00000000 +14.99991338
  7.70 +0.00000000 +14.99991222
  7.71 +0.00000000 +14.99991104
  7.72 +0.00000000 +14.99990985
  7.73 +0.00000000 +14.99990865
  7.74 +0.00000000 +14.99990743
  7.75 +0.00000000 +14.99990619
  7.76 +0.00000000 +14.99990494
  7.77 +0.00000000 +14.99990367
  7.78 +0.00000000 +14.99990239
  7.79 +0.00000000 +14.99990110
  7.80 +0.00000000 +14.99989978
  7.81 +0.00000000 +14.99989846
  7.82 +0.00000000 +14.99989711
  7.83 +0.00000000 +14.99989575
  7.84 +0.00000000 +14.99989437
  7.85 +0.00000000 +14.99989298
  7.86 +0.00000000 +14.99989157
  7.87 +0.00000000 +14.99989014
  7.88 +0.00000000 +14.99988870
  7.89 +0.00000000 +14.99988724
  7.90 +0.00000000 +14.99988576
  7.91 +0.00000000 +14.99988426
  7.92 +0.00000000 +14.99988275
  7.93 +0.00000000 +14.99988122
  7.94 +0.00000000 +14.99987966
  7.95 +0.00000000 +14.99987810
  7.96 +0.00000000 +14.99987651
  7.97 +0.00000000 +14.99987490
  7.98 +0.00000000 +14.99987328
  7.99 +0.00000000 +14.99987163
  8.00 +0.00000000 +14.99986997
  8.01 +0.00000000 +14.99986829
  8.02 +0.00000000 +14.99986659
  8.03 +0.00000000 +14.99986486
  8.04 +0.00000000 +14.99986312
  8.05 +0.00000000 +14.99986136
  8.06 +0.00000000 +14.99985958
  8.07 +0.00000000 +14.99985777
  8.08 +0.00000000 +14.99985595
  8.09 +0.00000000 +14.99985410
  8.10 +0.00000000 +14.99985223
  8.11 +0.00000000 +14.99985035
  8.12 +0.00000000 +14.99984844
  8.13 +0.00000000 +14.99984650
  8.14 +0.00000000 +14.99984455
  8.15 +0.00000000 +14.99984257
  8.16 +0.00000000 +14.99984057
  8.17 +0.00000000 +14.99983855
  8.18 +0.00000000 +14.99983650
  8.19 +0.00000000 +14.99983443
  8.20 +0.00000000 +14.99983234
  8.21 +0.00000000 +14.99983022
  8.22 +0.00000000 +14.99982808
  8.23 +0.00000000 +14.99982592
  8.24 +0.00000000 +14.99982373
  8.25 +0.00000000 +14.99982152
  8.26 +0.00000000 +14.99981928
  8.27 +0.00000000 +14.99981701
  8.28 +0.00000000 +14.99981472
  8.29 +0.00000000 +14.99981241
  8.30 +0.00000000 +14.99981006
  8.31 +0.00000000 +14.99980770
  8.32 +0.00000000 +14.99980530
  8.33 +0.00000000 +14.99980288
  8.34 +0.00000000 +14.99980043
  8.35 +0.00000000 +14.99979796
  8.36 +0.00000000 +14.99979545
  8.37 +0.00000000 +14.99979292
  8.38 +0.00000000 +14.99979036
  8.39 +0.00000000 +14.99978777
  8.40 +0.00000000 +14.99978515
  8.41 +0.00000000 +14.99978251
  8.42 +0.00000000 +14.99977983
  8.43 +0.00000000 +14.99977713
  8.44 +0.00000000 +14.99977439
  8.45 +0.00000000 +14.99977163
  8.46 +0.00000000 +14.99976883
  8.47 +0.00000000 +14.99976600
  8.48 +0.00000000 +14.99976315
  8.49 +0.00000000 +14.99976026
  8.50 +0.00000000 +14.99975733
  8.51 +0.00000000 +14.99975438
  8.52 +0.00000000 +14.99975140
  8.53 +0.00000000 +14.99974838
  8.54 +0.00000000 +14.99974532
  8.55 +0.00000000 +14.99974224
  8.56 +0.00000000 +14.99973912
  8.57 +0.00000000 +14.99973597
  8.58 +0.00000000 +14.99973278
  8.59 +0.00000000 +14.99972956
  8.60 +0.00000000 +14.99972630
  8.61 +0.00000000 +14.99972301
  8.62 +0.00000000 +14.99971968
  8.63 +0.00000000 +14.99971631
  8.64 +0.00000000 +14.99971291
  8.65 +0.00000000 +14.99970947
  8.66 +0.00000000 +14.99970599
  8.67 +0.00000000 +14.99970248
  8.68 +0.00000000 +14.99969893
  8.69 +0.00000000 +14.99969534
  8.70 +0.00000000 +14.99969171
  8.71 +0.00000000 +14.99968804
  8.72 +0.00000000 +14.99968433
  8.73 +0.00000000 +14.99968058
  8.74 +0.00000000 +14.99967679
  8.75 +0.00000000 +14.99967296
  8.76 +0.00000000 +14.99966909
  8.77 +0.00000000 +14.99966518
  8.78 +0.00000000 +14.99966122
  8.79 +0.00000000 +14.99965722
  8.80 +0.00000000 +14.99965318
  8.81 +0.00000000 +14.99964910
  8.82 +0.00000000 +14.99964497
  8.83 +0.00000000 +14.99964080
  8.84 +0.00000000 +14.99963658
  8.85 +0.00000000 +14.99963232
  8.86 +0.00000000 +14.99962801
  8.87 +0.00000000 +14.99962365
  8.88 +0.00000000 +14.99961925
  8.89 +0.00000000 +14.99961480
  8.90 +0.00000000 +14.99961030
  8.91 +0.00000000 +14.99960576
  8.92 +0.00000000 +14.99960116
  8.93 +0.00000000 +14.99959652
  8.94 +0.00000000 +14.99959182
  8.95 +0.00000000 +14.99958708
  8.96 +0.00000000 +14.99958229
  8.97 +0.00000000 +14.99957744
  8.98 +0.00000000 +14.99957254
  8.99 +0.00000000 +14.99956759
  9.00 +0.00000000 +14.99956259
  9.01 +0.00000000 +14.99955753
  9.02 +0.00000000 +14.99955242
  9.03 +0.00000000 +14.99954725
  9.04 +0.00000000 +14.99954203
  9.05 +0.00000000 +14.99953676
  9.06 +0.00000000 +14.99953142
  9.07 +0.00000000 +14.99952603
  9.08 +0.00000000 +14.99952058
  9.09 +0.00000000 +14.99951508
  9.10 +0.00000000 +14.99950951
  9.11 +0.00000000 +14.99950388
  9.12 +0.00000000 +14.99949820
  9.13 +0.00000000 +14.99949245
  9.14 +0.00000000 +14.99948664
  9.15 +0.00000000 +14.99948077
  9.16 +0.00000000 +14.99947484
  9.17 +0.00000000 +14.99946884
  9.18 +0.00000000 +14.99946278
  9.19 +0.00000000 +14.99945665
  9.20 +0.00000000 +14.99945046
  9.21 +0.00000000 +14.99944420
  9.22 +0.00000000 +14.99943787
  9.23 +0.00000000 +14.99943148
  9.24 +0.00000000 +14.99942501
  9.25 +0.00000000 +14.99941848
  9.26 +0.00000000 +14.99941188
  9.27 +0.00000000 +14.99940520
  9.28 +0.00000000 +14.99939846
  9.29 +0.00000000 +14.99939164
  9.30 +0.00000000 +14.99938475
  9.31 +0.00000000 +14.99937778
  9.32 +0.00000000 +14.99937074
  9.33 +0.00000000 +14.99936362
  9.34 +0.00000000 +14.99935642
  9.35 +0.00000000 +14.99934915
  9.36 +0.00000000 +14.99934180
  9.37 +0.00000000 +14.99933437
  9.38 +0.00000000 +14.99932686
  9.39 +0.00000000 +14.99931926
  9.40 +0.00000000 +14.99931159
  9.41 +0.00000000 +14.99930383
  9.42 +0.00000000 +14.99929598
  9.43 +0.00000000 +14.99928805
  9.44 +0.00000000 +14.99928004
  9.45 +0.00000000 +14.99927193
  9.46 +0.00000000 +14.99926374
  9.47 +0.00000000 +14.99925546
  9.48 +0.00000000 +14.99924709
  9.49 +0.00000000 +14.99923863
  9.50 +0.00000000 +14.99923008
  9.51 +0.00000000 +14.99922144
  9.52 +0.00000000 +14.99921270
  9.53 +0.00000000 +14.99920387
  9.54 +0.00000000 +14.99919494
  9.55 +0.00000000 +14.99918591
  9.56 +0.00000000 +14.99917679
  9.57 +0.00000000 +14.99916756
  9.58 +0.00000000 +14.99915823
  9.59 +0.00000000 +14.99914880
  9.60 +0.00000000 +14.99913927
  9.61 +0.00000000 +14.99912963
  9.62 +0.00000000 +14.99911988
  9.63 +0.00000000 +14.99911002
  9.64 +0.00000000 +14.99910006
  9.65 +0.00000000 +14.99908999
  9.66 +0.00000000 +14.99907980
  9.67 +0.00000000 +14.99906950
  9.68 +0.00000000 +14.99905909
  9.69 +0.00000000 +14.99904856
  9.70 +0.00000000 +14.99903792
  9.71 +0.00000000 +14.99902715
  9.72 +0.00000000 +14.99901628
  9.73 +0.00000000 +14.99900527
  9.74 +0.00000000 +14.99899414
  9.75 +0.00000000 +14.99898288
  9.76 +0.00000000 +14.99897148
  9.77 +0.00000000 +14.99895994
  9.78 +0.00000000 +14.99894830
  9.79 +0.00000000 +14.99893652
  9.80 +0.00000000 +14.99892461
  9.81 +0.00000000 +14.99891256
  9.82 +0.00000000 +14.99890036
  9.83 +0.00000000 +14.99888803
  9.84 +0.00000000 +14.99887555
  9.85 +0.00000000 +14.99886293
  9.86 +0.00000000 +14.99885016
  9.87 +0.00000000 +14.99883724
  9.88 +0.00000000 +14.99882416
  9.89 +0.00000000 +14.99881094
  9.90 +0.00000000 +14.99879755
  9.91 +0.00000000 +14.99878401
  9.92 +0.00000000 +14.99877031
  9.93 +0.00000000 +14.99875644
  9.94 +0.00000000 +14.99874241
  9.95 +0.00000000 +14.99872821
  9.96 +0.00000000 +14.99871383
  9.97 +0.00000000 +14.99869929
  9.98 +0.00000000 +14.99868456
  9.99 +0.00000000 +14.99866966
 10.00 +0.00000000 +14.99865458
 10.01 +0.00000000 +14.99863932
 10.02 +0.00000000 +14.99862386
 10.03 +0.00000000 +14.99860822
 10.04 +0.00000000 +14.99859238
 10.05 +0.00000000 +14.99857634
 10.06 +0.00000000 +14.99856011
 10.07 +0.00000000 +14.99854368
 10.08 +0.00000000 +14.99852704
 10.09 +0.00000000 +14.99851019
 10.10 +0.00000000 +14.99849312
 10.11 +0.00000000 +14.99847585
 10.12 +0.00000000 +14.99845835
 10.13 +0.00000000 +14.99844063
 10.14 +0.00000000 +14.99842268
 10.15 +0.00000000 +14.99840450
 10.16 +0.00000000 +14.99838609
 10.17 +0.00000000 +14.99836744
 10.18 +0.00000000 +14.99834854
 10.19 +0.00000000 +14.99832940
 10.20 +0.00000000 +14.99831001
 10.21 +0.00000000 +14.99829036
 10.22 +0.00000000 +14.99827045
 10.23 +0.00000000 +14.99825027
 10.24 +0.00000000 +14.99822982
 10.25 +0.00000000 +14.99820910
 10.26 +0.00000000 +14.99818810
 10.27 +0.00000000 +14.99816681
 10.28 +0.00000000 +14.99814521
 10.29 +0.00000000 +14.99812332
 10.30 +0.00000000 +14.99810114
 10.31 +0.00000000 +14.99807866
 10.32 +0.00000000 +14.99805586
 10.33 +0.00000000 +14.99803273
 10.34 +0.00000000 +14.99800928
 10.35 +0.00000000 +14.99798548
 10.36 +0.00000000 +14.99796136
 10.37 +0.00000000 +14.99793691
 10.38 +0.00000000 +14.99791210
 10.39 +0.00000000 +14.99788691
 10.40 +0.00000000 +14.99786136
 10.41 +0.00000000 +14.99783543
 10.42 +0.00000000 +14.99780913
 10.43 +0.00000000 +14.99778247
 10.44 +0.00000000 +14.99775537
 10.45 +0.00000000 +14.99772790
 10.46 +0.00000000 +14.99769998
 10.47 +0.00000000 +14.99767165
 10.48 +0.00000000 +14.99764288
 10.49 +0.00000000 +14.99761368
 10.50 +0.00000000 +14.99758403
 10.51 +0.00000000 +14.99755392
 10.52 +0.00000000 +14.99752331
 10.53 +0.00000000 +14.99749221
 10.54 +0.00000000 +14.99746061
 10.55 +0.00000000 +14.99742850
 10.56 +0.00000000 +14.99739587
 10.57 +0.00000000 +14.99736271
 10.58 +0.00000000 +14.99732901
 10.59 +0.00000000 +14.99729472
 10.60 +0.00000000 +14.99725985
 10.61 +0.00000000 +14.99722439
 10.62 +0.00000000 +14.99718832
 10.63 +0.00000000 +14.99715162
 10.64 +0.00000000 +14.99711428
 10.65 +0.00000000 +14.99707627
 10.66 +0.00000000 +14.99703758
 10.67 +0.00000000 +14.99699820
 10.68 +0.00000000 +14.99695807
 10.69 +0.00000000 +14.99691720
 10.70 +0.00000000 +14.99687557
 10.71 +0.00000000 +14.99683316
 10.72 +0.00000000 +14.99678994
 10.73 +0.00000000 +14.99674589
 10.74 +0.00000000 +14.99670097
 10.75 +0.00000000 +14.99665517
 10.76 +0.00000000 +14.99660848
 10.77 +0.00000000 +14.99656085
 10.78 +0.00000000 +14.99651225
 10.79 +0.00000000 +14.99646264
 10.80 +0.00000000 +14.99641201
 10.81 +0.00000000 +14.99636031
 10.82 +0.00000000 +14.99630751
 10.83 +0.00000000 +14.99625355
 10.84 +0.00000000 +14.99619841
 10.85 +0.00000000 +14.99614206
 10.86 +0.00000000 +14.99608443
 10.87 +0.00000000 +14.99602549
 10.88 +0.00000000 +14.99596518
 10.89 +0.00000000 +14.99590344
 10.90 +0.00000000 +14.99584024
 10.91 +0.00000000 +14.99577552
 10.92 +0.00000000 +14.99570922
 10.93 +0.00000000 +14.99564128
 10.94 +0.00000000 +14.99557161
 10.95 +0.00000000 +14.99550018
 10.96 +0.00000000 +14.99542689
 10.97 +0.00000000 +14.99535168
 10.98 +0.00000000 +14.99527448
 10.99 +0.00000000 +14.99519517
 11.00 +0.00000000 +14.99511366
 11.01 +0.00000000 +14.99502986
 11.02 +0.00000000 +14.99494366
 11.03 +0.00000000 +14.99485497
 11.04 +0.00000000 +14.99476366
 11.05 +0.00000000 +14.99466964
 11.06 +0.00000000 +14.99457271
 11.07 +0.00000000 +14.99447273
 11.08 +0.00000000 +14.99436961
 11.09 +0.00000000 +14.99426314
 11.10 +0.00000000 +14.99415316
 11.11 +0.00000000 +14.99403948
 11.12 +0.00000000 +14.99392191
 11.13 +0.00000000 +14.99380022
 11.14 +0.00000000 +14.99367418
 11.15 +0.00000000 +14.99354351
 11.16 +0.00000000 +14.99340793
 11.17 +0.00000000 +14.99326716
 11.18 +0.00000000 +14.99312086
 11.19 +0.00000000 +14.99296870
 11.20 +0.00000000 +14.99281029
 11.21 +0.00000000 +14.99264521
 11.22 +0.00000000 +14.99247299
 11.23 +0.00000000 +14.99229312
 11.24 +0.00000000 +14.99210506
 11.25 +0.00000000 +14.99190825
 11.26 +0.00000000 +14.99170200
 11.27 +0.00000000 +14.99148556
 11.28 +0.00000000 +14.99125814
 11.29 +0.00000000 +14.99101875
 11.30 +0.00000000 +14.99076647
 11.31 +0.00000000 +14.99050017
 11.32 +0.00000000 +14.99021858
 11.33 +0.00000000 +14.98992027
 11.34 +0.00000000 +14.98960370
 11.35 +0.00000000 +14.98926701
 11.36 +0.00000000 +14.98890816
 11.37 +0.00000000 +14.98852482
 11.38 +0.00000000 +14.98811431
 11.39 +0.00000000 +14.98767355
 11.40 +0.00000000 +14.98719896
 11.41 +0.00000000 +14.98668637
 11.42 +0.00000000 +14.98613088
 11.43 +0.00000000 +14.98552675
 11.44 +0.00000000 +14.98486712
 11.45 +0.00000000 +14.98414380
 11.46 +0.00000000 +14.98334683
 11.47 +0.00000000 +14.98246409
 11.48 +0.00000000 +14.98148051
 11.49 +0.00000000 +14.98037734
 11.50 +0.00000000 +14.97913053
 11.51 +0.00000000 +14.97770898
 11.52 +0.00000000 +14.97607146
 11.53 +0.00000000 +14.97416185
 11.54 +0.00000000 +14.97190088
 11.55 +0.00000000 +14.96917193
 11.56 +0.00000000 +14.96579238
 11.57 +0.00000000 +14.96144973
 11.58 +0.00000000 +14.95554342
 11.59 +0.00000000 +14.94812913
 11.60 +0.00000000 +14.94548248
 11.61 +0.00000000 +14.93075231
