  0.01 +20.00000000 +35.00000000
  0.02 +20.00000000 +35.00000000
  0.03 +20.00000000 +35.00000000
  0.04 +20.00000000 +35.00000000
  0.05 +20.00000000 +35.00000000
  0.06 +20.00000000 +35.00000000
  0.07 +20.00000000 +35.00000000
  0.08 +20.00000000 +35.00000000
  0.09 +20.00000000 +35.00000000
  0.10 +20.00000000 +35.00000000
  0.11 +20.00000000 +35.00000000
  0.12 +20.00000000 +35.00000000
  0.13 +20.00000000 +35.00000000
  0.14 +20.00000000 +35.00000000
  0.15 +20.00000000 +35.00000000
  0.16 +20.00000000 +35.00000000
  0.17 +20.00000000 +35.00000000
  0.18 +20.00000000 +35.00000000
  0.19 +20.00000000 +35.00000000
  0.20 +20.00000000 +35.00000000
  0.21 +20.00000000 +35.00000000
  0.22 +20.00000000 +35.00000000
  0.23 +20.00000000 +35.00000000
  0.24 +20.00000000 +35.00000000
  0.25 +20.00000000 +35.00000000
  0.26 +20.00000000 +35.00000000
  0.27 +20.00000000 +35.00000000
  0.28 +20.00000000 +35.00000000
  0.29 +20.00000000 +35.00000000
  0.30 +20.00000000 +35.00000000
  0.31 +20.00000000 +35.00000000
  0.32 +20.00000000 +35.00000000
  0.33 +20.00000000 +35.00000000
  0.34 +20.00000000 +35.00000000
  0.35 +20.00000000 +35.00000000
  0.36 +20.00000000 +35.00000000
  0.37 +20.00000000 +35.00000000
  0.38 +20.00000000 +35.00000000
  0.39 +20.00000000 +35.00000000
  0.40 +20.00000000 +35.00000000
  0.41 +20.00000000 +35.00000000
  0.42 +20.00000000 +35.00000000
  0.43 +20.00000000 +35.00000000
  0.44 +20.00000000 +35.00000000
  0.45 +20.00000000 +35.00000000
  0.46 +20.00000000 +35.00000000
  0.47 +20.00000000 +35.00000000
  0.48 +20.00000000 +35.00000000
  0.49 +20.00000000 +35.00000000
  0.50 +20.00000000 +35.00000000
  0.51 +20.00000000 +35.00000000
  0.52 +20.00000000 +35.00000000
  0.53 +20.00000000 +35.00000000
  0.54 +20.00000000 +35.00000000
  0.55 +20.00000000 +35.00000000
  0.56 +20.00000000 +35.00000000
  0.57 +20.00000000 +35.00000000
  0.58 +20.00000000 +35.00000000
  0.59 +20.00000000 +35.00000000
  0.60 +20.00000000 +35.00000000
  0.61 +20.00000000 +35.00000000
  0.62 +20.00000000 +35.00000000
  0.63 +20.00000000 +35.00000000
  0.64 +20.00000000 +35.00000000
  0.65 +20.00000000 +35.00000000
  0.66 +20.00000000 +35.00000000
  0.67 +20.00000000 +35.00000000
  0.68 +20.00000000 +35.00000000
  0.69 +20.00000000 +35.00000000
  0.70 +20.00000000 +35.00000000
  0.71 +20.00000000 +35.00000000
  0.72 +20.00000000 +35.00000000
  0.73 +20.00000000 +35.00000000
  0.74 +20.00000000 +35.00000000
  0.75 +20.00000000 +35.00000000
  0.76 +20.00000000 +35.00000000
  0.77 +20.00000000 +35.00000000
  0.78 +20.00000000 +35.00000000
  0.79 +20.00000000 +35.00000000
  0.80 +20.00000000 +35.00000000
  0.81 +20.00000000 +35.00000000
  0.82 +20.00000000 +35.00000000
  0.83 +20.00000000 +35.00000000
  0.84 +20.00000000 +35.00000000
  0.85 +20.00000000 +35.00000000
  0.86 +20.00000000 +35.00000000
  0.87 +20.00000000 +35.00000000
  0.88 +20.00000000 +35.00000000
  0.89 +20.00000000 +35.00000000
  0.90 +20.00000000 +35.00000000
  0.91 +20.00000000 +35.00000000
  0.92 +20.00000000 +35.00000000
  0.93 +20.00000000 +35.00000000
  0.94 +20.00000000 +35.00000000
  0.95 +20.00000000 +35.00000000
  0.96 +20.00000000 +35.00000000
  0.97 +20.00000000 +35.00000000
  0.98 +20.00000000 +35.00000000
  0.99 +20.00000000 +35.00000000
  1.00 +20.00000000 +35.00000000
  1.01 +20.00000000 +35.00000000
  1.02 +20.00000000 +35.00000000
  1.03 +20.00000000 +35.00000000
  1.04 +20.00000000 +35.00000000
  1.05 +20.00000000 +35.00000000
  1.06 +20.00000000 +35.00000000
  1.07 +20.00000000 +35.00000000
  1.08 +20.00000000 +35.00000000
  1.09 +20.00000000 +35.00000000
  1.10 +20.00000000 +35.00000000
  1.11 +20.00000000 +35.00000000
  1.12 +20.00000000 +35.00000000
  1.13 +20.00000000 +35.00000000
  1.14 +20.00000000 +35.00000000
  1.15 +20.00000000 +35.00000000
  1.16 +20.00000000 +35.00000000
  1.17 +20.00000000 +35.00000000
  1.18 +20.00000000 +35.00000000
  1.19 +20.00000000 +35.00000000
  1.20 +20.00000000 +35.00000000
  1.21 +20.00000000 +35.00000000
  1.22 +20.00000000 +35.00000000
  1.23 +20.00000000 +35.00000000
  1.24 +20.00000000 +35.00000000
  1.25 +20.00000000 +35.00000000
  1.26 +20.00000000 +35.00000000
  1.27 +20.00000000 +35.00000000
  1.28 +20.00000000 +35.00000000
  1.29 +20.00000000 +35.00000000
  1.30 +20.00000000 +35.00000000
  1.31 +20.00000000 +35.00000000
  1.32 +20.00000000 +35.00000000
  1.33 +20.00000000 +35.00000000
  1.34 +20.00000000 +35.00000000
  1.35 +20.00000000 +35.00000000
  1.36 +20.00000000 +35.00000000
  1.37 +20.00000000 +35.00000000
  1.38 +20.00000000 +35.00000000
  1.39 +20.00000000 +35.00000000
  1.40 +20.00000000 +35.00000000
  1.41 +20.00000000 +35.00000000
  1.42 +20.00000000 +35.00000000
  1.43 +20.00000000 +35.00000000
  1.44 +20.00000000 +35.00000000
  1.45 +20.00000000 +35.00000000
  1.46 +20.00000000 +35.00000000
  1.47 +20.00000000 +35.00000000
  1.48 +20.00000000 +35.00000000
  1.49 +20.00000000 +35.00000000
  1.50 +20.00000000 +35.00000000
  1.51 +20.00000000 +35.00000000
  1.52 +20.00000000 +35.00000000
  1.53 +20.00000000 +35.00000000
  1.54 +20.00000000 +35.00000000
  1.55 +20.00000000 +35.00000000
  1.56 +20.00000000 +35.00000000
  1.57 +20.00000000 +35.00000000
  1.58 +20.00000000 +35.00000000
  1.59 +20.00000000 +35.00000000
  1.60 +20.00000000 +35.00000000
  1.61 +20.00000000 +35.00000000
  1.62 +20.00000000 +35.00000000
  1.63 +20.00000000 +35.00000000
  1.64 +20.00000000 +35.00000000
  1.65 +20.00000000 +35.00000000
  1.66 +20.00000000 +35.00000000
  1.67 +20.00000000 +35.00000000
  1.68 +20.00000000 +35.00000000
  1.69 +20.00000000 +35.00000000
  1.70 +20.00000000 +35.00000000
  1.71 +20.00000000 +35.00000000
  1.72 +20.00000000 +35.00000000
  1.73 +20.00000000 +35.00000000
  1.74 +20.00000000 +35.00000000
  1.75 +20.00000000 +35.00000000
  1.76 +20.00000000 +35.00000000
  1.77 +20.00000000 +35.00000000
  1.78 +20.00000000 +35.00000000
  1.79 +20.00000000 +35.00000000
  1.80 +20.00000000 +35.00000000
  1.81 +20.00000000 +35.00000000
  1.82 +20.00000000 +35.00000000
  1.83 +20.00000000 +35.00000000
  1.84 +20.00000000 +35.00000000
  1.85 +20.00000000 +35.00000000
  1.86 +20.00000000 +35.00000000
  1.87 +20.00000000 +35.00000000
  1.88 +20.00000000 +35.00000000
  1.89 +20.00000000 +35.00000000
  1.90 +20.00000000 +35.00000000
  1.91 +20.00000000 +35.00000000
  1.92 +20.00000000 +35.00000000
  1.93 +20.00000000 +35.00000000
  1.94 +20.00000000 +35.00000000
  1.95 +20.00000000 +35.00000000
  1.96 +20.00000000 +35.00000000
  1.97 +20.00000000 +35.00000000
  1.98 +20.00000000 +35.00000000
  1.99 +20.00000000 +35.00000000
  2.00 +20.00000000 +35.00000000
  2.01 +20.00000000 +35.00000000
  2.02 +20.00000000 +35.00000000
  2.03 +20.00000000 +35.00000000
  2.04 +20.00000000 +35.00000000
  2.05 +20.00000000 +35.00000000
  2.06 +20.00000000 +35.00000000
  2.07 +20.00000000 +35.00000000
  2.08 +20.00000000 +35.00000000
  2.09 +20.00000000 +35.00000000
  2.10 +20.00000000 +35.00000000
  2.11 +20.00000000 +35.00000000
  2.12 +20.00000000 +35.00000000
  2.13 +20.00000000 +35.00000000
  2.14 +20.00000000 +35.00000000
  2.15 +20.00000000 +35.00000000
  2.16 +20.00000000 +35.00000000
  2.17 +20.00000000 +35.00000000
  2.18 +20.00000000 +35.00000000
  2.19 +20.00000000 +35.00000000
  2.20 +20.00000000 +35.00000000
  2.21 +20.00000000 +35.00000000
  2.22 +20.00000000 +35.00000000
  2.23 +20.00000000 +35.00000000
  2.24 +20.00000000 +35.00000000
  2.25 +20.00000000 +35.00000000
  2.26 +20.00000000 +35.00000000
  2.27 +20.00000000 +35.00000000
  2.28 +20.00000000 +35.00000000
  2.29 +20.00000000 +35.00000000
  2.30 +20.00000000 +35.00000000
  2.31 +20.00000000 +35.00000000
  2.32 +20.00000000 +35.00000000
  2.33 +20.00000000 +35.00000000
  2.34 +20.00000000 +35.00000000
  2.35 +20.00000000 +35.00000000
  2.36 +20.00000000 +35.00000000
  2.37 +20.00000000 +35.00000000
  2.38 +20.00000000 +35.00000000
  2.39 +20.00000000 +35.00000000
  2.40 +20.00000000 +35.00000000
  2.41 +20.00000000 +35.00000000
  2.42 +20.00000000 +35.00000000
  2.43 +20.00000000 +35.00000000
  2.44 +20.00000000 +35.00000000
  2.45 +20.00000000 +35.00000000
  2.46 +20.00000000 +35.00000000
  2.47 +20.00000000 +35.00000000
  2.48 +20.00000000 +35.00000000
  2.49 +20.00000000 +35.00000000
  2.50 +20.00000000 +35.00000000
  2.51 +20.00000000 +35.00000000
  2.52 +20.00000000 +35.00000000
  2.53 +20.00000000 +35.00000000
  2.54 +20.00000000 +35.00000000
  2.55 +20.00000000 +35.00000000
  2.56 +20.00000000 +35.00000000
  2.57 +20.00000000 +35.00000000
  2.58 +20.00000000 +35.00000000
  2.59 +20.00000000 +35.00000000
  2.60 +20.00000000 +35.00000000
  2.61 +20.00000000 +35.00000000
  2.62 +20.00000000 +35.00000000
  2.63 +20.00000000 +35.00000000
  2.64 +20.00000000 +35.00000000
  2.65 +20.00000000 +35.00000000
  2.66 +20.00000000 +35.00000000
  2.67 +20.00000000 +35.00000000
  2.68 +20.00000000 +35.00000000
  2.69 +20.00000000 +35.00000000
  2.70 +20.00000000 +35.00000000
  2.71 +20.00000000 +35.00000000
  2.72 +20.00000000 +35.00000000
  2.73 +20.00000000 +35.00000000
  2.74 +20.00000000 +35.00000000
  2.75 +20.00000000 +35.00000000
  2.76 +20.00000000 +35.00000000
  2.77 +20.00000000 +35.00000000
  2.78 +20.00000000 +35.00000000
  2.79 +20.00000000 +35.00000000
  2.80 +20.00000000 +35.00000000
  2.81 +20.00000000 +35.00000000
  2.82 +20.00000000 +35.00000000
  2.83 +20.00000000 +35.00000000
  2.84 +20.00000000 +35.00000000
  2.85 +20.00000000 +35.00000000
  2.86 +20.00000000 +35.00000000
  2.87 +20.00000000 +35.00000000
  2.88 +20.00000000 +35.00000000
  2.89 +20.00000000 +35.00000000
  2.90 +20.00000000 +35.00000000
  2.91 +20.00000000 +35.00000000
  2.92 +20.00000000 +35.00000000
  2.93 +20.00000000 +35.00000000
  2.94 +20.00000000 +35.00000000
  2.95 +20.00000000 +35.00000000
  2.96 +20.00000000 +35.00000000
  2.97 +20.00000000 +35.00000000
  2.98 +20.00000000 +35.00000000
  2.99 +20.00000000 +35.00000000
  3.00 +20.00000000 +35.00000000
  3.01 +20.00000000 +35.00000000
  3.02 +20.00000000 +35.00000000
  3.03 +20.00000000 +35.00000000
  3.04 +20.00000000 +35.00000000
  3.05 +20.00000000 +35.00000000
  3.06 +20.00000000 +35.00000000
  3.07 +20.00000000 +35.00000000
  3.08 +20.00000000 +35.00000000
  3.09 +20.00000000 +35.00000000
  3.10 +20.00000000 +35.00000000
  3.11 +20.00000000 +35.00000000
  3.12 +20.00000000 +35.00000000
  3.13 +20.00000000 +35.00000000
  3.14 +20.00000000 +35.00000000
  3.15 +20.00000000 +35.00000000
  3.16 +20.00000000 +35.00000000
  3.17 +20.00000000 +35.00000000
  3.18 +20.00000000 +35.00000000
  3.19 +20.00000000 +35.00000000
  3.20 +20.00000000 +35.00000000
  3.21 +20.00000000 +35.00000000
  3.22 +20.00000000 +35.00000000
  3.23 +20.00000000 +35.00000000
  3.24 +20.00000000 +35.00000000
  3.25 +20.00000000 +35.00000000
  3.26 +19.99999999 +35.00000000
  3.27 +20.00000000 +35.00000000
  3.28 +20.00000000 +35.00000000
  3.29 +20.00000000 +35.00000000
  3.30 +20.00000000 +35.00000000
  3.31 +20.00000000 +35.00000000
  3.32 +20.00000000 +35.00000000
  3.33 +20.00000000 +35.00000000
  3.34 +20.00000000 +35.00000000
  3.35 +20.00000000 +35.00000000
  3.36 +20.00000000 +35.00000000
  3.37 +19.99999999 +35.00000000
  3.38 +19.99999999 +35.00000000
  3.39 +19.99999985 +35.00000000
  3.40 +19.99999997 +35.00000000
  3.41 +19.99999999 +35.00000000
  3.42 +19.99999999 +35.00000000
  3.43 +19.99999999 +35.00000000
  3.44 +19.99999999 +35.00000000
  3.45 +19.99999999 +35.00000000
  3.46 +19.99999999 +35.00000000
  3.47 +19.99999999 +35.00000000
  3.48 +19.99999999 +35.00000000
  3.49 +19.99999999 +35.00000000
  3.50 +19.99999999 +35.00000000
  3.51 +19.99999999 +35.00000000
  3.52 +19.99999999 +35.00000000
  3.53 +19.99999998 +35.00000000
  3.54 +19.99999998 +35.00000000
  3.55 +19.99999998 +35.00000000
  3.56 +19.99999998 +35.00000000
  3.57 +19.99999998 +35.00000000
  3.58 +19.99999998 +35.00000000
  3.59 +19.99999998 +35.00000000
  3.60 +19.99999998 +35.00000000
  3.61 +19.99999998 +35.00000000
  3.62 +19.99999997 +35.00000000
  3.63 +19.99999997 +35.00000000
  3.64 +19.99999997 +35.00000000
  3.65 +19.99999997 +35.00000000
  3.66 +19.99999997 +35.00000000
  3.67 +19.99999997 +35.00000000
  3.68 +19.99999997 +35.00000000
  3.69 +19.99999996 +35.00000000
  3.70 +19.99999996 +35.00000000
  3.71 +19.99999996 +35.00000000
  3.72 +19.99999996 +35.00000000
  3.73 +19.99999996 +35.00000000
  3.74 +19.99999996 +35.00000000
  3.75 +19.99999995 +35.00000000
  3.76 +19.99999995 +35.00000000
  3.77 +19.99999995 +35.00000000
  3.78 +19.99999995 +35.00000000
  3.79 +19.99999995 +35.00000000
  3.80 +19.99999994 +35.00000000
  3.81 +19.99999994 +35.00000000
  3.82 +19.99999994 +35.00000000
  3.83 +19.99999994 +35.00000000
  3.84 +19.99999994 +35.00000000
  3.85 +19.99999993 +35.00000000
  3.86 +19.99999993 +35.00000000
  3.87 +19.99999993 +35.00000000
  3.88 +19.99999993 +35.00000000
  3.89 +19.99999992 +35.00000000
  3.90 +19.99999992 +35.00000000
  3.91 +19.99999992 +35.00000000
  3.92 +19.99999992 +35.00000000
  3.93 +19.99999991 +35.00000000
  3.94 +19.99999991 +35.00000000
  3.95 +19.99999991 +35.00000000
  3.96 +19.99999991 +35.00000000
  3.97 +19.99999990 +35.00000000
  3.98 +19.99999990 +35.00000000
  3.99 +19.99999990 +35.00000000
  4.00 +19.99999989 +35.00000000
  4.01 +19.99999989 +35.00000000
  4.02 +19.99999989 +35.00000000
  4.03 +19.99999988 +35.00000000
  4.04 +19.99999991 +35.00000000
  4.05 +19.99999988 +35.00000000
  4.06 +19.99999987 +35.00000000
  4.07 +19.99999987 +35.00000000
  4.08 +19.99999987 +35.00000000
  4.09 +19.99999986 +35.00000000
  4.10 +19.99999986 +35.00000000
  4.11 +19.99999986 +35.00000000
  4.12 +19.99999985 +35.00000000
  4.13 +19.99999985 +35.00000000
  4.14 +19.99999984 +35.00000000
  4.15 +19.99999984 +35.00000000
  4.16 +19.99999984 +35.00000000
  4.17 +19.99999983 +35.00000000
  4.18 +19.99999983 +35.00000000
  4.19 +19.99999982 +35.00000000
  4.20 +19.99999982 +35.00000000
  4.21 +19.99999981 +35.00000000
  4.22 +19.99999981 +35.00000000
  4.23 +19.99999980 +35.00000000
  4.24 +19.99999980 +35.00000000
  4.25 +19.99999979 +35.00000000
  4.26 +19.99999979 +35.00000000
  4.27 +19.99999978 +35.00000000
  4.28 +19.99999978 +35.00000000
  4.29 +19.99999977 +35.00000000
  4.30 +19.99999977 +35.00000000
  4.31 +19.99999976 +35.00000000
  4.32 +19.99999976 +35.00000000
  4.33 +19.99999975 +35.00000000
  4.34 +19.99999975 +35.00000000
  4.35 +19.99999974 +35.00000000
  4.36 +19.99999973 +35.00000000
  4.37 +19.99999973 +35.00000000
  4.38 +19.99999972 +35.00000000
  4.39 +19.99999972 +35.00000000
  4.40 +19.99999971 +35.00000000
  4.41 +19.99999970 +35.00000000
  4.42 +19.99999970 +35.00000000
  4.43 +19.99999969 +35.00000000
  4.44 +19.99999968 +35.00000000
  4.45 +19.99999968 +35.00000000
  4.46 +19.99999967 +35.00000000
  4.47 +19.99999966 +35.00000000
  4.48 +19.99999965 +35.00000000
  4.49 +19.99999965 +35.00000000
  4.50 +19.99999964 +35.00000000
  4.51 +19.99999963 +35.00000000
  4.52 +19.99999962 +35.00000000
  4.53 +19.99999961 +35.00000000
  4.54 +19.99999961 +35.00000000
  4.55 +19.99999960 +35.00000000
  4.56 +19.99999959 +35.00000000
  4.57 +19.99999958 +35.00000000
  4.58 +19.99999957 +35.00000000
  4.59 +19.99999956 +35.00000000
  4.60 +19.99999955 +35.00000000
  4.61 +19.99999954 +35.00000000
  4.62 +19.99999953 +35.00000000
  4.63 +19.99999952 +35.00000000
  4.64 +19.99999951 +35.00000000
  4.65 +19.99999950 +35.00000000
  4.66 +19.99999949 +35.00000000
  4.67 +19.99999948 +35.00000000
  4.68 +19.99999947 +35.00000000
  4.69 +19.99999946 +35.00000000
  4.70 +19.99999945 +35.00000000
  4.71 +19.99999943 +35.00000000
  4.72 +19.99999942 +35.00000000
  4.73 +19.99999941 +35.00000000
  4.74 +19.99999940 +35.00000000
  4.75 +19.99999939 +35.00000000
  4.76 +19.99999937 +35.00000000
  4.77 +19.99999936 +35.00000000
  4.78 +19.99999935 +35.00000000
  4.79 +19.99999933 +35.00000000
  4.80 +19.99999932 +35.00000000
  4.81 +19.99999930 +35.00000000
  4.82 +19.99999929 +35.00000000
  4.83 +19.99999928 +35.00000000
  4.84 +19.99999926 +35.00000000
  4.85 +19.99999925 +35.00000000
  4.86 +19.99999923 +35.00000000
  4.87 +19.99999921 +35.00000000
  4.88 +19.99999920 +35.00000000
  4.89 +19.99999918 +35.00000000
  4.90 +19.99999916 +35.00000000
  4.91 +19.99999915 +35.00000000
  4.92 +19.99999913 +35.00000000
  4.93 +19.99999911 +35.00000000
  4.94 +19.99999909 +35.00000000
  4.95 +19.99999908 +35.00000000
  4.96 +19.99999906 +35.00000000
  4.97 +19.99999904 +35.00000000
  4.98 +19.99999902 +35.00000000
  4.99 +19.99999900 +35.00000000
  5.00 +19.99999898 +35.00000000
  5.01 +19.99999896 +35.00000000
  5.02 +19.99999894 +35.00000000
  5.03 +19.99999892 +35.00000000
  5.04 +19.99999889 +35.00000000
  5.05 +19.99999887 +35.00000000
  5.06 +19.99999885 +35.00000000
  5.07 +19.99999883 +35.00000000
  5.08 +19.99999880 +35.00000000
  5.09 +19.99999878 +35.00000000
  5.10 +19.99999875 +35.00000000
  5.11 +19.99999873 +35.00000000
  5.12 +19.99999870 +35.00000000
  5.13 +19.99999868 +35.00000000
  5.14 +19.99999865 +35.00000000
  5.15 +19.99999863 +35.00000000
  5.16 +19.99999860 +35.00000000
  5.17 +19.99999857 +35.00000000
  5.18 +19.99999854 +35.00000000
  5.19 +19.99999851 +35.00000000
  5.20 +19.99999848 +35.00000000
  5.21 +19.99999845 +35.00000000
  5.22 +19.99999842 +35.00000000
  5.23 +19.99999839 +35.00000000
  5.24 +19.99999836 +35.00000000
  5.25 +19.99999833 +35.00000000
  5.26 +19.99999830 +35.00000000
  5.27 +19.99999826 +35.00000000
  5.28 +19.99999823 +35.00000000
  5.29 +19.99999820 +35.00000000
  5.30 +19.99999816 +35.00000000
  5.31 +19.99999813 +35.00000000
  5.32 +19.99999809 +35.00000000
  5.33 +19.99999805 +35.00000000
  5.34 +19.99999801 +35.00000000
  5.35 +19.99999798 +35.00000000
  5.36 +19.99999794 +35.00000000
  5.37 +19.99999790 +35.00000000
  5.38 +19.99999786 +35.00000000
  5.39 +19.99999782 +35.00000000
  5.40 +19.99999777 +35.00000000
  5.41 +19.99999773 +35.00000000
  5.42 +19.99999769 +35.00000000
  5.43 +19.99999764 +35.00000000
  5.44 +19.99999760 +35.00000000
  5.45 +19.99999755 +35.00000000
  5.46 +19.99999751 +35.00000000
  5.47 +19.99999746 +35.00000000
  5.48 +19.99999741 +35.00000000
  5.49 +19.99999736 +35.00000000
  5.50 +19.99999731 +35.00000000
  5.51 +19.99999726 +35.00000000
  5.52 +19.99999721 +35.00000000
  5.53 +19.99999716 +35.00000000
  5.54 +19.99999711 +35.00000000
  5.55 +19.99999705 +35.00000000
  5.56 +19.99999700 +35.00000000
  5.57 +19.99999694 +35.00000000
  5.58 +19.99999688 +35.00000000
  5.59 +19.99999683 +35.00000000
  5.60 +19.99999677 +35.00000000
  5.61 +19.99999671 +35.00000000
  5.62 +19.99999665 +35.00000000
  5.63 +19.99999658 +35.00000000
  5.64 +19.99999652 +35.00000000
  5.65 +19.99999646 +35.00000000
  5.66 +19.99999639 +35.00000000
  5.67 +19.99999632 +35.00000000
  5.68 +19.99999626 +35.00000000
  5.69 +19.99999619 +35.00000000
  5.70 +19.99999612 +35.00000000
  5.71 +19.99999605 +35.00000000
  5.72 +19.99999598 +35.00000000
  5.73 +19.99999590 +35.00000000
  5.74 +19.99999583 +35.00000000
  5.75 +19.99999575 +35.00000000
  5.76 +19.99999568 +35.00000000
  5.77 +19.99999560 +35.00000000
  5.78 +19.99999552 +35.00000000
  5.79 +19.99999544 +35.00000000
  5.80 +19.99999536 +35.00000000
  5.81 +19.99999527 +35.00000000
  5.82 +19.99999519 +35.00000000
  5.83 +19.99999510 +35.00000000
  5.84 +19.99999501 +35.00000000
  5.85 +19.99999493 +35.00000000
  5.86 +19.99999484 +35.00000000
  5.87 +19.99999474 +35.00000000
  5.88 +19.99999465 +35.00000000
  5.89 +19.99999456 +35.00000000
  5.90 +19.99999446 +35.00000000
  5.91 +19.99999436 +35.00000000
  5.92 +19.99999426 +35.00000000
  5.93 +19.99999416 +35.00000000
  5.94 +19.99999406 +35.00000000
  5.95 +19.99999395 +35.00000000
  5.96 +19.99999385 +35.00000000
  5.97 +19.99999374 +35.00000000
  5.98 +19.99999363 +35.00000000
  5.99 +19.99999352 +35.00000000
  6.00 +19.99999341 +35.00000000
  6.01 +19.99999329 +35.00000000
  6.02 +19.99999318 +35.00000000
  6.03 +19.99999306 +35.00000000
  6.04 +19.99999294 +35.00000000
  6.05 +19.99999282 +35.00000000
  6.06 +19.99999269 +35.00000000
  6.07 +19.99999257 +35.00000000
  6.08 +19.99999244 +35.00000000
  6.09 +19.99999231 +35.00000000
  6.10 +19.99999218 +35.00000000
  6.11 +19.99999204 +35.00000000
  6.12 +19.99999191 +35.00000000
  6.13 +19.99999177 +35.00000000
  6.14 +19.99999163 +35.00000000
  6.15 +19.99999148 +35.00000000
  6.16 +19.99999134 +35.00000000
  6.17 +19.99999119 +35.00000000
  6.18 +19.99999105 +35.00000000
  6.19 +19.99999090 +35.00000000
  6.20 +19.99999075 +35.00000000
  6.21 +19.99999059 +35.00000000
  6.22 +19.99999043 +35.00000000
  6.23 +19.99999027 +35.00000000
  6.24 +19.99999010 +35.00000000
  6.25 +19.99998993 +35.00000000
  6.26 +19.99998977 +35.00000000
  6.27 +19.99998960 +35.00000000
  6.28 +19.99998943 +35.00000000
  6.29 +19.99998925 +35.00000000
  6.30 +19.99998906 +35.00000000
  6.31 +19.99998888 +35.00000000
  6.32 +19.99998870 +35.00000000
  6.33 +19.99998851 +35.00000000
  6.34 +19.99998832 +35.00000000
  6.35 +19.99998812 +35.00000000
  6.36 +19.99998792 +35.00000000
  6.37 +19.99998772 +35.00000000
  6.38 +19.99998752 +35.00000000
  6.39 +19.99998731 +35.00000000
  6.40 +19.99998710 +35.00000000
  6.41 +19.99998689 +35.00000000
  6.42 +19.99998668 +35.00000000
  6.43 +19.99998646 +35.00000000
  6.44 +19.99998623 +35.00000000
  6.45 +19.99998601 +35.00000000
  6.46 +19.99998577 +35.00000000
  6.47 +19.99998555 +35.00000000
  6.48 +19.99998531 +35.00000000
  6.49 +19.99998507 +35.00000000
  6.50 +19.99998483 +35.00000000
  6.51 +19.99998458 +35.00000000
  6.52 +19.99998433 +35.00000000
  6.53 +19.99998408 +35.00000000
  6.54 +19.99998383 +35.00000000
  6.55 +19.99998356 +35.00000000
  6.56 +19.99998330 +35.00000000
  6.57 +19.99998303 +35.00000000
  6.58 +19.99998276 +35.00000000
  6.59 +19.99998249 +35.00000000
  6.60 +19.99998221 +35.00000000
  6.61 +19.99998193 +35.00000000
  6.62 +19.99998164 +35.00000000
  6.63 +19.99998135 +35.00000000
  6.64 +19.99998105 +35.00000000
  6.65 +19.99998075 +35.00000000
  6.66 +19.99998046 +35.00000000
  6.67 +19.99998015 +35.00000000
  6.68 +19.99997984 +35.00000000
  6.69 +19.99997952 +35.00000000
  6.70 +19.99997920 +35.00000000
  6.71 +19.99997889 +35.00000000
  6.72 +19.99997855 +35.00000000
  6.73 +19.99997820 +35.00000000
  6.74 +19.99997786 +35.00000000
  6.75 +19.99997752 +35.00000000
  6.76 +19.99997717 +35.00000000
  6.77 +19.99997682 +35.00000000
  6.78 +19.99997647 +35.00000000
  6.79 +19.99997611 +35.00000000
  6.80 +19.99997574 +35.00000000
  6.81 +19.99997537 +35.00000000
  6.82 +19.99997499 +35.00000000
  6.83 +19.99997460 +35.00000000
  6.84 +19.99997420 +35.00000000
  6.85 +19.99997382 +35.00000000
  6.86 +19.99997342 +35.00000000
  6.87 +19.99997301 +35.00000000
  6.88 +19.99997261 +35.00000000
  6.89 +19.99997220 +35.00000000
  6.90 +19.99997177 +35.00000000
  6.91 +19.99997135 +35.00000000
  6.92 +19.99997091 +35.00000000
  6.93 +19.99997047 +35.00000000
  6.94 +19.99997003 +35.00000000
  6.95 +19.99996958 +35.00000000
  6.96 +19.99996913 +35.00000000
  6.97 +19.99996866 +35.00000000
  6.98 +19.99996819 +35.00000000
  6.99 +19.99996771 +35.00000000
  7.00 +19.99996724 +35.00000000
  7.01 +19.99996675 +35.00000000
  7.02 +19.99996624 +35.00000000
  7.03 +19.99996575 +35.00000000
  7.04 +19.99996524 +35.00000000
  7.05 +19.99996472 +35.00000000
  7.06 +19.99996421 +35.00000000
  7.07 +19.99996368 +35.00000000
  7.08 +19.99996315 +35.00000000
  7.09 +19.99996260 +35.00000000
  7.10 +19.99996205 +35.00000000
  7.11 +19.99996150 +35.00000000
  7.12 +19.99996093 +35.00000000
  7.13 +19.99996036 +35.00000000
  7.14 +19.99995978 +35.00000000
  7.15 +19.99995919 +35.00000000
  7.16 +19.99995860 +35.00000000
  7.17 +19.99995800 +35.00000000
  7.18 +19.99995739 +35.00000000
  7.19 +19.99995677 +35.00000000
  7.20 +19.99995614 +35.00000000
  7.21 +19.99995551 +35.00000000
  7.22 +19.99995486 +35.00000000
  7.23 +19.99995421 +35.00000000
  7.24 +19.99995355 +35.00000000
  7.25 +19.99995288 +35.00000000
  7.26 +19.99995221 +35.00000000
  7.27 +19.99995152 +35.00000000
  7.28 +19.99995083 +35.00000000
  7.29 +19.99995012 +35.00000000
  7.30 +19.99994941 +35.00000000
  7.31 +19.99994869 +35.00000000
  7.32 +19.99994796 +35.00000000
  7.33 +19.99994721 +35.00000000
  7.34 +19.99994646 +35.00000000
  7.35 +19.99994571 +35.00000000
  7.36 +19.99994494 +35.00000000
  7.37 +19.99994416 +35.00000000
  7.38 +19.99994337 +35.00000000
  7.39 +19.99994257 +35.00000000
  7.40 +19.99994176 +35.00000000
  7.41 +19.99994094 +35.00000000
  7.42 +19.99994011 +35.00000000
  7.43 +19.99993927 +35.00000000
  7.44 +19.99993841 +35.00000000
  7.45 +19.99993755 +35.00000000
  7.46 +19.99993668 +35.00000000
  7.47 +19.99993579 +35.00000000
  7.48 +19.99993490 +35.00000000
  7.49 +19.99993399 +35.00000000
  7.50 +19.99993307 +35.00000000
  7.51 +19.99993215 +35.00000000
  7.52 +19.99993120 +35.00000000
  7.53 +19.99993026 +35.00000000
  7.54 +19.99992928 +35.00000000
  7.55 +19.99992833 +35.00000000
  7.56 +19.99992728 +35.00000000
  7.57 +19.99992635 +35.00000000
  7.58 +19.99992537 +35.00000000
  7.59 +19.99992434 +35.00000000
  7.60 +19.99992330 +35.00000000
  7.61 +19.99992227 +35.00000000
  7.62 +19.99992122 +35.00000000
  7.63 +19.99992015 +35.00000000
  7.64 +19.99991907 +35.00000000
  7.65 +19.99991797 +35.00000000
  7.66 +19.99991687 +35.00000000
  7.67 +19.99991575 +35.00000000
  7.68 +19.99991462 +35.00000000
  7.69 +19.99991348 +35.00000000
  7.70 +19.99991231 +35.00000000
  7.71 +19.99991114 +35.00000000
  7.72 +19.99990995 +35.00000000
  7.73 +19.99990874 +35.00000000
  7.74 +19.99990752 +35.00000000
  7.75 +19.99990629 +35.00000000
  7.76 +19.99990504 +35.00000000
  7.77 +19.99990377 +35.00000000
  7.78 +19.99990249 +35.00000000
  7.79 +19.99990120 +35.00000000
  7.80 +19.99989988 +35.00000000
  7.81 +19.99989856 +35.00000000
  7.82 +19.99989721 +35.00000000
  7.83 +19.99989585 +35.00000000
  7.84 +19.99989448 +35.00000000
  7.85 +19.99989308 +35.00000000
  7.86 +19.99989167 +35.00000000
  7.87 +19.99989025 +35.00000000
  7.88 +19.99988881 +35.00000000
  7.89 +19.99988734 +35.00000000
  7.90 +19.99988587 +35.00000000
  7.91 +19.99988437 +35.00000000
  7.92 +19.99988286 +35.00000000
  7.93 +19.99988133 +35.00000000
  7.94 +19.99987978 +35.00000000
  7.95 +19.99987821 +35.00000000
  7.96 +19.99987662 +35.00000000
  7.97 +19.99987502 +35.00000000
  7.98 +19.99987339 +35.00000000
  7.99 +19.99987175 +35.00000000
  8.00 +19.99987009 +35.00000000
  8.01 +19.99986841 +35.00000000
  8.02 +19.99986671 +35.00000000
  8.03 +19.99986498 +35.00000000
  8.04 +19.99986324 +35.00000000
  8.05 +19.99986148 +35.00000000
  8.06 +19.99985970 +35.00000000
  8.07 +19.99985790 +35.00000000
  8.08 +19.99985607 +35.00000000
  8.09 +19.99985423 +35.00000000
  8.10 +19.99985236 +35.00000000
  8.11 +19.99985047 +35.00000000
  8.12 +19.99984857 +35.00000000
  8.13 +19.99984663 +35.00000000
  8.14 +19.99984468 +35.00000000
  8.15 +19.99984270 +35.00000000
  8.16 +19.99984071 +35.00000000
  8.17 +19.99983868 +35.00000000
  8.18 +19.99983664 +35.00000000
  8.19 +19.99983457 +35.00000000
  8.20 +19.99983248 +35.00000000
  8.21 +19.99983036 +35.00000000
  8.22 +19.99982822 +35.00000000
  8.23 +19.99982606 +35.00000000
  8.24 +19.99982387 +35.00000000
  8.25 +19.99982166 +35.00000000
  8.26 +19.99981942 +35.00000000
  8.27 +19.99981716 +35.00000000
  8.28 +19.99981487 +35.00000000
  8.29 +19.99981255 +35.00000000
  8.30 +19.99981021 +35.00000000
  8.31 +19.99980784 +35.00000000
  8.32 +19.99980545 +35.00000000
  8.33 +19.99980303 +35.00000000
  8.34 +19.99980058 +35.00000000
  8.35 +19.99979811 +35.00000000
  8.36 +19.99979561 +35.00000000
  8.37 +19.99979307 +35.00000000
  8.38 +19.99979052 +35.00000000
  8.39 +19.99978793 +35.00000000
  8.40 +19.99978531 +35.00000000
  8.41 +19.99978267 +35.00000000
  8.42 +19.99977999 +35.00000000
  8.43 +19.99977729 +35.00000000
  8.44 +19.99977455 +35.00000000
  8.45 +19.99977179 +35.00000000
  8.46 +19.99976899 +35.00000000
  8.47 +19.99976617 +35.00000000
  8.48 +19.99976331 +35.00000000
  8.49 +19.99976042 +35.00000000
  8.50 +19.99975750 +35.00000000
  8.51 +19.99975455 +35.00000000
  8.52 +19.99975156 +35.00000000
  8.53 +19.99974855 +35.00000000
  8.54 +19.99974550 +35.00000000
  8.55 +19.99974241 +35.00000000
  8.56 +19.99973929 +35.00000000
  8.57 +19.99973614 +35.00000000
  8.58 +19.99973295 +35.00000000
  8.59 +19.99972973 +35.00000000
  8.60 +19.99972648 +35.00000000
  8.61 +19.99972318 +35.00000000
  8.62 +19.99971986 +35.00000000
  8.63 +19.99971649 +35.00000000
  8.64 +19.99971309 +35.00000000
  8.65 +19.99970965 +35.00000000
  8.66 +19.99970618 +35.00000000
  8.67 +19.99970266 +35.00000000
  8.68 +19.99969911 +35.00000000
  8.69 +19.99969552 +35.00000000
  8.70 +19.99969189 +35.00000000
  8.71 +19.99968823 +35.00000000
  8.72 +19.99968452 +35.00000000
  8.73 +19.99968077 +35.00000000
  8.74 +19.99967698 +35.00000000
  8.75 +19.99967315 +35.00000000
  8.76 +19.99966928 +35.00000000
  8.77 +19.99966537 +35.00000000
  8.78 +19.99966141 +35.00000000
  8.79 +19.99965742 +35.00000000
  8.80 +19.99965338 +35.00000000
  8.81 +19.99964929 +35.00000000
  8.82 +19.99964516 +35.00000000
  8.83 +19.99964099 +35.00000000
  8.84 +19.99963677 +35.00000000
  8.85 +19.99963251 +35.00000000
  8.86 +19.99962820 +35.00000000
  8.87 +19.99962385 +35.00000000
  8.88 +19.99961945 +35.00000000
  8.89 +19.99961500 +35.00000000
  8.90 +19.99961050 +35.00000000
  8.91 +19.99960596 +35.00000000
  8.92 +19.99960136 +35.00000000
  8.93 +19.99959672 +35.00000000
  8.94 +19.99959203 +35.00000000
  8.95 +19.99958728 +35.00000000
  8.96 +19.99958249 +35.00000000
  8.97 +19.99957764 +35.00000000
  8.98 +19.99957275 +35.00000000
  8.99 +19.99956780 +35.00000000
  9.00 +19.99956279 +35.00000000
  9.01 +19.99955774 +35.00000000
  9.02 +19.99955263 +35.00000000
  9.03 +19.99954746 +35.00000000
  9.04 +19.99954224 +35.00000000
  9.05 +19.99953696 +35.00000000
  9.06 +19.99953163 +35.00000000
  9.07 +19.99952624 +35.00000000
  9.08 +19.99952079 +35.00000000
  9.09 +19.99951528 +35.00000000
  9.10 +19.99950972 +35.00000000
  9.11 +19.99950409 +35.00000000
  9.12 +19.99949840 +35.00000000
  9.13 +19.99949266 +35.00000000
  9.14 +19.99948685 +35.00000000
  9.15 +19.99948098 +35.00000000
  9.16 +19.99947504 +35.00000000
  9.17 +19.99946905 +35.00000000
  9.18 +19.99946298 +35.00000000
  9.19 +19.99945686 +35.00000000
  9.20 +19.99945066 +35.00000000
  9.21 +19.99944440 +35.00000000
  9.22 +19.99943808 +35.00000000
  9.23 +19.99943168 +35.00000000
  9.24 +19.99942522 +35.00000000
  9.25 +19.99941868 +35.00000000
  9.26 +19.99941208 +35.00000000
  9.27 +19.99940541 +35.00000000
  9.28 +19.99939866 +35.00000000
  9.29 +19.99939184 +35.00000000
  9.30 +19.99938495 +35.00000000
  9.31 +19.99937798 +35.00000000
  9.32 +19.99937094 +35.00000000
  9.33 +19.99936382 +35.00000000
  9.34 +19.99935662 +35.00000000
  9.35 +19.99934935 +35.00000000
  9.36 +19.99934199 +35.00000000
  9.37 +19.99933456 +35.00000000
  9.38 +19.99932705 +35.00000000
  9.39 +19.99931945 +35.00000000
  9.40 +19.99931178 +35.00000000
  9.41 +19.99930402 +35.00000000
  9.42 +19.99929617 +35.00000000
  9.43 +19.99928824 +35.00000000
  9.44 +19.99928022 +35.00000000
  9.45 +19.99927212 +35.00000000
  9.46 +19.99926393 +35.00000000
  9.47 +19.99925564 +35.00000000
  9.48 +19.99924727 +35.00000000
  9.49 +19.99923881 +35.00000000
  9.50 +19.99923025 +35.00000000
  9.51 +19.99922160 +35.00000000
  9.52 +19.99921286 +35.00000000
  9.53 +19.99920403 +35.00000000
  9.54 +19.99919510 +35.00000000
  9.55 +19.99918607 +35.00000000
  9.56 +19.99917695 +35.00000000
  9.57 +19.99916772 +35.00000000
  9.58 +19.99915839 +35.00000000
  9.59 +19.99914896 +35.00000000
  9.60 +19.99913942 +35.00000000
  9.61 +19.99912978 +35.00000000
  9.62 +19.99912003 +35.00000000
  9.63 +19.99911017 +35.00000000
  9.64 +19.99910020 +35.00000000
  9.65 +19.99909012 +35.00000000
  9.66 +19.99907993 +35.00000000
  9.67 +19.99906962 +35.00000000
  9.68 +19.99905921 +35.00000000
  9.69 +19.99904868 +35.00000000
  9.70 +19.99903802 +35.00000000
  9.71 +19.99902726 +35.00000000
  9.72 +19.99901642 +35.00000000
  9.73 +19.99900536 +35.00000000
  9.74 +19.99899416 +35.00000000
  9.75 +19.99898297 +35.00000000
  9.76 +19.99897154 +35.00000000
  9.77 +19.99896004 +35.00000000
  9.78 +19.99894838 +35.00000000
  9.79 +19.99893659 +35.00000000
  9.80 +19.99892466 +35.00000000
  9.81 +19.99891260 +35.00000000
  9.82 +19.99890041 +35.00000000
  9.83 +19.99888807 +35.00000000
  9.84 +19.99887559 +35.00000000
  9.85 +19.99886296 +35.00000000
  9.86 +19.99885018 +35.00000000
  9.87 +19.99883725 +35.00000000
  9.88 +19.99882417 +35.00000000
  9.89 +19.99881094 +35.00000000
  9.90 +19.99879755 +35.00000000
  9.91 +19.99878400 +35.00000000
  9.92 +19.99877029 +35.00000000
  9.93 +19.99875641 +35.00000000
  9.94 +19.99874237 +35.00000000
  9.95 +19.99872816 +35.00000000
  9.96 +19.99871378 +35.00000000
  9.97 +19.99869922 +35.00000000
  9.98 +19.99868449 +35.00000000
  9.99 +19.99866957 +35.00000000
 10.00 +19.99865448 +35.00000000
 10.01 +19.99863920 +35.00000000
 10.02 +19.99862374 +35.00000000
 10.03 +19.99860808 +35.00000000
 10.04 +19.99859223 +35.00000000
 10.05 +19.99857619 +35.00000000
 10.06 +19.99855994 +35.00000000
 10.07 +19.99854349 +35.00000000
 10.08 +19.99852684 +35.00000000
 10.09 +19.99850997 +35.00000000
 10.10 +19.99849290 +35.00000000
 10.11 +19.99847560 +35.00000000
 10.12 +19.99845809 +35.00000000
 10.13 +19.99844035 +35.00000000
 10.14 +19.99842239 +35.00000000
 10.15 +19.99840419 +35.00000000
 10.16 +19.99838576 +35.00000000
 10.17 +19.99836709 +35.00000000
 10.18 +19.99834818 +35.00000000
 10.19 +19.99832902 +35.00000000
 10.20 +19.99830960 +35.00000000
 10.21 +19.99828993 +35.00000000
 10.22 +19.99827000 +35.00000000
 10.23 +19.99824980 +35.00000000
 10.24 +19.99822933 +35.00000000
 10.25 +19.99820859 +35.00000000
 10.26 +19.99818757 +35.00000000
 10.27 +19.99816625 +35.00000000
 10.28 +19.99814464 +35.00000000
 10.29 +19.99812273 +35.00000000
 10.30 +19.99810051 +35.00000000
 10.31 +19.99807798 +35.00000000
 10.32 +19.99805514 +35.00000000
 10.33 +19.99803199 +35.00000000
 10.34 +19.99800851 +35.00000000
 10.35 +19.99798470 +35.00000000
 10.36 +19.99796054 +35.00000000
 10.37 +19.99793604 +35.00000000
 10.38 +19.99791119 +35.00000000
 10.39 +19.99788597 +35.00000000
 10.40 +19.99786039 +35.00000000
 10.41 +19.99783443 +35.00000000
 10.42 +19.99780808 +35.00000000
 10.43 +19.99778134 +35.00000000
 10.44 +19.99775420 +35.00000000
 10.45 +19.99772668 +35.00000000
 10.46 +19.99769874 +35.00000000
 10.47 +19.99767036 +35.00000000
 10.48 +19.99764155 +35.00000000
 10.49 +19.99761229 +35.00000000
 10.50 +19.99758258 +35.00000000
 10.51 +19.99755239 +35.00000000
 10.52 +19.99752174 +35.00000000
 10.53 +19.99749060 +35.00000000
 10.54 +19.99745895 +35.00000000
 10.55 +19.99742678 +35.00000000
 10.56 +19.99739407 +35.00000000
 10.57 +19.99736083 +35.00000000
 10.58 +19.99732702 +35.00000000
 10.59 +19.99729265 +35.00000000
 10.60 +19.99725774 +35.00000000
 10.61 +19.99722221 +35.00000000
 10.62 +19.99718606 +35.00000000
 10.63 +19.99714928 +35.00000000
 10.64 +19.99711185 +35.00000000
 10.65 +19.99707375 +35.00000000
 10.66 +19.99703496 +35.00000000
 10.67 +19.99699547 +35.00000000
 10.68 +19.99695525 +35.00000000
 10.69 +19.99691428 +35.00000000
 10.70 +19.99687253 +35.00000000
 10.71 +19.99682999 +35.00000000
 10.72 +19.99678663 +35.00000000
 10.73 +19.99674245 +35.00000000
 10.74 +19.99669739 +35.00000000
 10.75 +19.99665146 +35.00000000
 10.76 +19.99660460 +35.00000000
 10.77 +19.99655680 +35.00000000
 10.78 +19.99650804 +35.00000000
 10.79 +19.99645827 +35.00000000
 10.80 +19.99640747 +35.00000000
 10.81 +19.99635558 +35.00000000
 10.82 +19.99630257 +35.00000000
 10.83 +19.99624843 +35.00000000
 10.84 +19.99619311 +35.00000000
 10.85 +19.99613654 +35.00000000
 10.86 +19.99607866 +35.00000000
 10.87 +19.99601946 +35.00000000
 10.88 +19.99595889 +35.00000000
 10.89 +19.99589688 +35.00000000
 10.90 +19.99583339 +35.00000000
 10.91 +19.99576836 +35.00000000
 10.92 +19.99570171 +35.00000000
 10.93 +19.99563338 +35.00000000
 10.94 +19.99556337 +35.00000000
 10.95 +19.99549156 +35.00000000
 10.96 +19.99541787 +35.00000000
 10.97 +19.99534227 +35.00000000
 10.98 +19.99526457 +35.00000000
 10.99 +19.99518478 +35.00000000
 11.00 +19.99510278 +35.00000000
 11.01 +19.99501845 +35.00000000
 11.02 +19.99493169 +35.00000000
 11.03 +19.99484235 +35.00000000
 11.04 +19.99475037 +35.00000000
 11.05 +19.99465562 +35.00000000
 11.06 +19.99455787 +35.00000000
 11.07 +19.99445716 +35.00000000
 11.08 +19.99435324 +35.00000000
 11.09 +19.99424584 +35.00000000
 11.10 +19.99413490 +35.00000000
 11.11 +19.99402018 +35.00000000
 11.12 +19.99390150 +35.00000000
 11.13 +19.99377859 +35.00000000
 11.14 +19.99365120 +35.00000000
 11.15 +19.99351912 +35.00000000
 11.16 +19.99338205 +35.00000000
 11.17 +19.99323968 +35.00000000
 11.18 +19.99309162 +35.00000000
 11.19 +19.99293755 +35.00000000
 11.20 +19.99277703 +35.00000000
 11.21 +19.99260965 +35.00000000
 11.22 +19.99243495 +35.00000000
 11.23 +19.99225241 +35.00000000
 11.24 +19.99206144 +35.00000000
 11.25 +19.99186133 +35.00000000
 11.26 +19.99165146 +35.00000000
 11.27 +19.99143106 +35.00000000
 11.28 +19.99119925 +35.00000000
 11.29 +19.99095507 +35.00000000
 11.30 +19.99069745 +35.00000000
 11.31 +19.99042516 +35.00000000
 11.32 +19.99013684 +35.00000000
 11.33 +19.98983101 +35.00000000
 11.34 +19.98950593 +35.00000000
 11.35 +19.98915964 +35.00000000
 11.36 +19.98878993 +35.00000000
 11.37 +19.98839420 +35.00000000
 11.38 +19.98796951 +35.00000000
 11.39 +19.98751242 +35.00000000
 11.40 +19.98701892 +35.00000000
 11.41 +19.98648433 +35.00000000
 11.42 +19.98590307 +35.00000000
 11.43 +19.98526852 +35.00000000
 11.44 +19.98457274 +35.00000000
 11.45 +19.98380605 +35.00000000
 11.46 +19.98295655 +35.00000000
 11.47 +19.98200945 +35.00000000
 11.48 +19.98094607 +35.00000000
 11.49 +19.97974244 +35.00000000
 11.50 +19.97836701 +35.00000000
 11.51 +19.97677728 +35.00000000
 11.52 +19.97491439 +35.00000000
 11.53 +19.97269310 +35.00000000
 11.54 +19.96998264 +35.00000000
 11.55 +19.96656806 +35.00000000
 11.56 +19.96205069 +35.00000000
 11.57 +19.95553774 +35.00000000
 11.58 +19.94430381 +35.00000000
 11.59 +19.92252854 +35.00000000
 11.60 +19.91429803 +35.00000000
 11.61 +19.84060425 +35.00000000
