  0.01 +15.00000000 +20.00000000
  0.02 +15.00000000 +20.00000000
  0.03 +15.00000000 +20.00000000
  0.04 +15.00000000 +20.00000000
  0.05 +15.00000000 +20.00000000
  0.06 +15.00000000 +20.00000000
  0.07 +15.00000000 +20.00000000
  0.08 +15.00000000 +20.00000000
  0.09 +15.00000000 +20.00000000
  0.10 +15.00000000 +20.00000000
  0.11 +15.00000000 +20.00000000
  0.12 +15.00000000 +20.00000000
  0.13 +15.00000000 +20.00000000
  0.14 +15.00000000 +20.00000000
  0.15 +15.00000000 +20.00000000
  0.16 +15.00000000 +20.00000000
  0.17 +15.00000000 +20.00000000
  0.18 +15.00000000 +20.00000000
  0.19 +15.00000000 +20.00000000
  0.20 +15.00000000 +20.00000000
  0.21 +15.00000000 +20.00000000
  0.22 +15.00000000 +20.00000000
  0.23 +15.00000000 +20.00000000
  0.24 +15.00000000 +20.00000000
  0.25 +15.00000000 +20.00000000
  0.26 +15.00000000 +20.00000000
  0.27 +15.00000000 +20.00000000
  0.28 +15.00000000 +20.00000000
  0.29 +15.00000000 +20.00000000
  0.30 +15.00000000 +20.00000000
  0.31 +15.00000000 +20.00000000
  0.32 +15.00000000 +20.00000000
  0.33 +15.00000000 +20.00000000
  0.34 +15.00000000 +20.00000000
  0.35 +15.00000000 +20.00000000
  0.36 +15.00000000 +20.00000000
  0.37 +15.00000000 +20.00000000
  0.38 +15.00000000 +20.00000000
  0.39 +15.00000000 +20.00000000
  0.40 +15.00000000 +20.00000000
  0.41 +15.00000000 +20.00000000
  0.42 +15.00000000 +20.00000000
  0.43 +15.00000000 +20.00000000
  0.44 +15.00000000 +20.00000000
  0.45 +15.00000000 +20.00000000
  0.46 +15.00000000 +20.00000000
  0.47 +15.00000000 +20.00000000
  0.48 +15.00000000 +20.00000000
  0.49 +15.00000000 +20.00000000
  0.50 +15.00000000 +20.00000000
  0.51 +15.00000000 +20.00000000
  0.52 +15.00000000 +20.00000000
  0.53 +15.00000000 +20.00000000
  0.54 +15.00000000 +20.00000000
  0.55 +15.00000000 +20.00000000
  0.56 +15.00000000 +20.00000000
  0.57 +15.00000000 +20.00000000
  0.58 +15.00000000 +20.00000000
  0.59 +15.00000000 +20.00000000
  0.60 +15.00000000 +20.00000000
  0.61 +15.00000000 +20.00000000
  0.62 +15.00000000 +20.00000000
  0.63 +15.00000000 +20.00000000
  0.64 +15.00000000 +20.00000000
  0.65 +15.00000000 +20.00000000
  0.66 +15.00000000 +20.00000000
  0.67 +15.00000000 +20.00000000
  0.68 +15.00000000 +20.00000000
  0.69 +15.00000000 +20.00000000
  0.70 +15.00000000 +20.00000000
  0.71 +15.00000000 +20.00000000
  0.72 +15.00000000 +20.00000000
  0.73 +15.00000000 +20.00000000
  0.74 +15.00000000 +20.00000000
  0.75 +15.00000000 +20.00000000
  0.76 +15.00000000 +20.00000000
  0.77 +15.00000000 +20.00000000
  0.78 +15.00000000 +20.00000000
  0.79 +15.00000000 +20.00000000
  0.80 +15.00000000 +20.00000000
  0.81 +15.00000000 +20.00000000
  0.82 +15.00000000 +20.00000000
  0.83 +15.00000000 +20.00000000
  0.84 +15.00000000 +20.00000000
  0.85 +15.00000000 +20.00000000
  0.86 +15.00000000 +20.00000000
  0.87 +15.00000000 +20.00000000
  0.88 +15.00000000 +20.00000000
  0.89 +15.00000000 +20.00000000
  0.90 +15.00000000 +20.00000000
  0.91 +15.00000000 +20.00000000
  0.92 +15.00000000 +20.00000000
  0.93 +15.00000000 +20.00000000
  0.94 +15.00000000 +20.00000000
  0.95 +15.00000000 +20.00000000
  0.96 +15.00000000 +20.00000000
  0.97 +15.00000000 +20.00000000
  0.98 +15.00000000 +20.00000000
  0.99 +15.00000000 +20.00000000
  1.00 +15.00000000 +20.00000000
  1.01 +15.00000000 +20.00000000
  1.02 +15.00000000 +20.00000000
  1.03 +15.00000000 +20.00000000
  1.04 +15.00000000 +20.00000000
  1.05 +15.00000000 +20.00000000
  1.06 +15.00000000 +20.00000000
  1.07 +15.00000000 +20.00000000
  1.08 +15.00000000 +20.00000000
  1.09 +15.00000000 +20.00000000
  1.10 +15.00000000 +20.00000000
  1.11 +15.00000000 +20.00000000
  1.12 +15.00000000 +20.00000000
  1.13 +15.00000000 +20.00000000
  1.14 +15.00000000 +20.00000000
  1.15 +15.00000000 +20.00000000
  1.16 +15.00000000 +20.00000000
  1.17 +15.00000000 +20.00000000
  1.18 +15.00000000 +20.00000000
  1.19 +15.00000000 +20.00000000
  1.20 +15.00000000 +20.00000000
  1.21 +15.00000000 +20.00000000
  1.22 +15.00000000 +20.00000000
  1.23 +15.00000000 +20.00000000
  1.24 +15.00000000 +20.00000000
  1.25 +15.00000000 +20.00000000
  1.26 +15.00000000 +20.00000000
  1.27 +15.00000000 +20.00000000
  1.28 +15.00000000 +20.00000000
  1.29 +15.00000000 +20.00000000
  1.30 +15.00000000 +20.00000000
  1.31 +15.00000000 +20.00000000
  1.32 +15.00000000 +20.00000000
  1.33 +15.00000000 +20.00000000
  1.34 +15.00000000 +20.00000000
  1.35 +15.00000000 +20.00000000
  1.36 +15.00000000 +20.00000000
  1.37 +15.00000000 +20.00000000
  1.38 +15.00000000 +20.00000000
  1.39 +15.00000000 +20.00000000
  1.40 +15.00000000 +20.00000000
  1.41 +15.00000000 +20.00000000
  1.42 +15.00000000 +20.00000000
  1.43 +15.00000000 +20.00000000
  1.44 +15.00000000 +20.00000000
  1.45 +15.00000000 +20.00000000
  1.46 +15.00000000 +20.00000000
  1.47 +15.00000000 +20.00000000
  1.48 +15.00000000 +20.00000000
  1.49 +15.00000000 +20.00000000
  1.50 +15.00000000 +20.00000000
  1.51 +15.00000000 +20.00000000
  1.52 +15.00000000 +20.00000000
  1.53 +15.00000000 +20.00000000
  1.54 +15.00000000 +20.00000000
  1.55 +15.00000000 +20.00000000
  1.56 +15.00000000 +20.00000000
  1.57 +15.00000000 +20.00000000
  1.58 +15.00000000 +20.00000000
  1.59 +15.00000000 +20.00000000
  1.60 +15.00000000 +20.00000000
  1.61 +15.00000000 +20.00000000
  1.62 +15.00000000 +20.00000000
  1.63 +15.00000000 +20.00000000
  1.64 +15.00000000 +20.00000000
  1.65 +15.00000000 +20.00000000
  1.66 +15.00000000 +20.00000000
  1.67 +15.00000000 +20.00000000
  1.68 +15.00000000 +20.00000000
  1.69 +15.00000000 +20.00000000
  1.70 +15.00000000 +20.00000000
  1.71 +15.00000000 +20.00000000
  1.72 +15.00000000 +20.00000000
  1.73 +15.00000000 +20.00000000
  1.74 +15.00000000 +20.00000000
  1.75 +15.00000000 +20.00000000
  1.76 +15.00000000 +20.00000000
  1.77 +15.00000000 +20.00000000
  1.78 +15.00000000 +20.00000000
  1.79 +15.00000000 +20.00000000
  1.80 +15.00000000 +20.00000000
  1.81 +15.00000000 +20.00000000
  1.82 +15.00000000 +20.00000000
  1.83 +15.00000000 +20.00000000
  1.84 +15.00000000 +20.00000000
  1.85 +15.00000000 +20.00000000
  1.86 +15.00000000 +20.00000000
  1.87 +15.00000000 +20.00000000
  1.88 +15.00000000 +20.00000000
  1.89 +15.00000000 +20.00000000
  1.90 +15.00000000 +20.00000000
  1.91 +15.00000000 +20.00000000
  1.92 +15.00000000 +20.00000000
  1.93 +15.00000000 +20.00000000
  1.94 +15.00000000 +20.00000000
  1.95 +15.00000000 +20.00000000
  1.96 +15.00000000 +20.00000000
  1.97 +15.00000000 +20.00000000
  1.98 +15.00000000 +20.00000000
  1.99 +15.00000000 +20.00000000
  2.00 +15.00000000 +20.00000000
  2.01 +15.00000000 +20.00000000
  2.02 +15.00000000 +20.00000000
  2.03 +15.00000000 +20.00000000
  2.04 +15.00000000 +20.00000000
  2.05 +15.00000000 +20.00000000
  2.06 +15.00000000 +20.00000000
  2.07 +15.00000000 +20.00000000
  2.08 +15.00000000 +20.00000000
  2.09 +15.00000000 +20.00000000
  2.10 +15.00000000 +20.00000000
  2.11 +15.00000000 +20.00000000
  2.12 +15.00000000 +20.00000000
  2.13 +15.00000000 +20.00000000
  2.14 +15.00000000 +20.00000000
  2.15 +15.00000000 +20.00000000
  2.16 +15.00000000 +20.00000000
  2.17 +15.00000000 +20.00000000
  2.18 +15.00000000 +20.00000000
  2.19 +15.00000000 +20.00000000
  2.20 +15.00000000 +20.00000000
  2.21 +15.00000000 +20.00000000
  2.22 +15.00000000 +20.00000000
  2.23 +15.00000000 +20.00000000
  2.24 +15.00000000 +20.00000000
  2.25 +15.00000000 +20.00000000
  2.26 +15.00000000 +20.00000000
  2.27 +15.00000000 +20.00000000
  2.28 +15.00000000 +20.00000000
  2.29 +15.00000000 +20.00000000
  2.30 +15.00000000 +20.00000000
  2.31 +15.00000000 +20.00000000
  2.32 +15.00000000 +20.00000000
  2.33 +15.00000000 +20.00000000
  2.34 +15.00000000 +20.00000000
  2.35 +15.00000000 +20.00000000
  2.36 +15.00000000 +20.00000000
  2.37 +15.00000000 +20.00000000
  2.38 +15.00000000 +20.00000000
  2.39 +15.00000000 +20.00000000
  2.40 +15.00000000 +20.00000000
  2.41 +15.00000000 +20.00000000
  2.42 +15.00000000 +20.00000000
  2.43 +15.00000000 +20.00000000
  2.44 +15.00000000 +20.00000000
  2.45 +15.00000000 +20.00000000
  2.46 +15.00000000 +20.00000000
  2.47 +15.00000000 +20.00000000
  2.48 +15.00000000 +20.00000000
  2.49 +15.00000000 +20.00000000
  2.50 +15.00000000 +20.00000000
  2.51 +15.00000000 +20.00000000
  2.52 +15.00000000 +20.00000000
  2.53 +15.00000000 +20.00000000
  2.54 +15.00000000 +20.00000000
  2.55 +15.00000000 +20.00000000
  2.56 +15.00000000 +20.00000000
  2.57 +15.00000000 +20.00000000
  2.58 +15.00000000 +20.00000000
  2.59 +15.00000000 +20.00000000
  2.60 +15.00000000 +20.00000000
  2.61 +15.00000000 +20.00000000
  2.62 +15.00000000 +20.00000000
  2.63 +15.00000000 +20.00000000
  2.64 +15.00000000 +20.00000000
  2.65 +15.00000000 +20.00000000
  2.66 +15.00000000 +20.00000000
  2.67 +15.00000000 +20.00000000
  2.68 +15.00000000 +20.00000000
  2.69 +15.00000000 +20.00000000
  2.70 +15.00000000 +20.00000000
  2.71 +15.00000000 +20.00000000
  2.72 +15.00000000 +20.00000000
  2.73 +15.00000000 +20.00000000
  2.74 +15.00000000 +20.00000000
  2.75 +15.00000000 +20.00000000
  2.76 +15.00000000 +20.00000000
  2.77 +15.00000000 +20.00000000
  2.78 +15.00000000 +20.00000000
  2.79 +15.00000000 +20.00000000
  2.80 +15.00000000 +20.00000000
  2.81 +15.00000000 +20.00000000
  2.82 +15.00000000 +20.00000000
  2.83 +15.00000000 +20.00000000
  2.84 +15.00000000 +20.00000000
  2.85 +15.00000000 +20.00000000
  2.86 +15.00000000 +20.00000000
  2.87 +15.00000000 +20.00000000
  2.88 +15.00000000 +20.00000000
  2.89 +15.00000000 +20.00000000
  2.90 +15.00000000 +20.00000000
  2.91 +15.00000000 +20.00000000
  2.92 +15.00000000 +20.00000000
  2.93 +15.00000000 +20.00000000
  2.94 +15.00000000 +20.00000000
  2.95 +15.00000000 +20.00000000
  2.96 +15.00000000 +20.00000000
  2.97 +15.00000000 +20.00000000
  2.98 +15.00000000 +20.00000000
  2.99 +15.00000000 +20.00000000
  3.00 +15.00000000 +20.00000000
  3.01 +15.00000000 +20.00000000
  3.02 +15.00000000 +20.00000000
  3.03 +15.00000000 +20.00000000
  3.04 +15.00000000 +20.00000000
  3.05 +15.00000000 +20.00000000
  3.06 +15.00000000 +20.00000000
  3.07 +15.00000000 +20.00000000
  3.08 +15.00000000 +20.00000000
  3.09 +15.00000000 +20.00000000
  3.10 +15.00000000 +20.00000000
  3.11 +15.00000000 +20.00000000
  3.12 +15.00000000 +20.00000000
  3.13 +15.00000000 +20.00000000
  3.14 +15.00000000 +20.00000000
  3.15 +15.00000000 +20.00000000
  3.16 +15.00000000 +20.00000000
  3.17 +15.00000000 +20.00000000
  3.18 +15.00000000 +20.00000000
  3.19 +15.00000000 +20.00000000
  3.20 +15.00000000 +20.00000000
  3.21 +15.00000000 +20.00000000
  3.22 +15.00000000 +20.00000000
  3.23 +15.00000000 +20.00000000
  3.24 +15.00000000 +20.00000000
  3.25 +15.00000000 +20.00000000
  3.26 +15.00000000 +20.00000000
  3.27 +15.00000000 +20.00000000
  3.28 +15.00000000 +20.00000000
  3.29 +15.00000000 +20.00000000
  3.30 +15.00000000 +20.00000000
  3.31 +15.00000000 +20.00000000
  3.32 +15.00000000 +20.00000000
  3.33 +15.00000000 +20.00000000
  3.34 +15.00000000 +20.00000000
  3.35 +15.00000000 +20.00000000
  3.36 +15.00000000 +20.00000000
  3.37 +14.99999999 +19.99999999
  3.38 +14.99999999 +19.99999999
  3.39 +15.00000000 +20.00000002
  3.40 +15.00000000 +19.99999997
  3.41 +15.00000000 +19.99999999
  3.42 +14.99999999 +19.99999999
  3.43 +14.99999999 +19.99999999
  3.44 +14.99999999 +19.99999999
  3.45 +14.99999999 +19.99999999
  3.46 +14.99999999 +19.99999999
  3.47 +14.99999999 +19.99999999
  3.48 +14.99999999 +19.99999999
  3.49 +14.99999999 +19.99999999
  3.50 +14.99999999 +19.99999999
  3.51 +14.99999999 +19.99999999
  3.52 +14.99999998 +19.99999999
  3.53 +14.99999998 +19.99999998
  3.54 +14.99999998 +19.99999998
  3.55 +14.99999998 +19.99999998
  3.56 +14.99999998 +19.99999998
  3.57 +14.99999998 +19.99999998
  3.58 +14.99999998 +19.99999998
  3.59 +14.99999998 +19.99999998
  3.60 +14.99999998 +19.99999998
  3.61 +14.99999998 +19.99999998
  3.62 +14.99999997 +19.99999997
  3.63 +14.99999997 +19.99999997
  3.64 +14.99999997 +19.99999997
  3.65 +14.99999997 +19.99999997
  3.66 +14.99999997 +19.99999997
  3.67 +14.99999997 +19.99999997
  3.68 +14.99999997 +19.99999997
  3.69 +14.99999996 +19.99999996
  3.70 +14.99999996 +19.99999996
  3.71 +14.99999996 +19.99999996
  3.72 +14.99999996 +19.99999996
  3.73 +14.99999996 +19.99999996
  3.74 +14.99999996 +19.99999996
  3.75 +14.99999995 +19.99999995
  3.76 +14.99999995 +19.99999995
  3.77 +14.99999995 +19.99999995
  3.78 +14.99999995 +19.99999995
  3.79 +14.99999995 +19.99999995
  3.80 +14.99999994 +19.99999994
  3.81 +14.99999994 +19.99999994
  3.82 +14.99999994 +19.99999994
  3.83 +14.99999994 +19.99999994
  3.84 +14.99999994 +19.99999994
  3.85 +14.99999993 +19.99999993
  3.86 +14.99999993 +19.99999993
  3.87 +14.99999993 +19.99999993
  3.88 +14.99999993 +19.99999993
  3.89 +14.99999992 +19.99999992
  3.90 +14.99999992 +19.99999992
  3.91 +14.99999992 +19.99999992
  3.92 +14.99999992 +19.99999992
  3.93 +14.99999991 +19.99999991
  3.94 +14.99999991 +19.99999991
  3.95 +14.99999991 +19.99999991
  3.96 +14.99999990 +19.99999990
  3.97 +14.99999990 +19.99999990
  3.98 +14.99999990 +19.99999990
  3.99 +14.99999990 +19.99999990
  4.00 +14.99999989 +19.99999989
  4.01 +14.99999989 +19.99999989
  4.02 +14.99999989 +19.99999989
  4.03 +14.99999988 +19.99999988
  4.04 +14.99999988 +19.99999987
  4.05 +14.99999988 +19.99999988
  4.06 +14.99999987 +19.99999987
  4.07 +14.99999987 +19.99999987
  4.08 +14.99999987 +19.99999987
  4.09 +14.99999986 +19.99999986
  4.10 +14.99999986 +19.99999986
  4.11 +14.99999985 +19.99999986
  4.12 +14.99999985 +19.99999985
  4.13 +14.99999985 +19.99999985
  4.14 +14.99999984 +19.99999984
  4.15 +14.99999984 +19.99999984
  4.16 +14.99999983 +19.99999984
  4.17 +14.99999983 +19.99999983
  4.18 +14.99999983 +19.99999983
  4.19 +14.99999982 +19.99999982
  4.20 +14.99999982 +19.99999982
  4.21 +14.99999981 +19.99999981
  4.22 +14.99999981 +19.99999981
  4.23 +14.99999980 +19.99999980
  4.24 +14.99999980 +19.99999980
  4.25 +14.99999979 +19.99999979
  4.26 +14.99999979 +19.99999979
  4.27 +14.99999978 +19.99999978
  4.28 +14.99999978 +19.99999978
  4.29 +14.99999977 +19.99999977
  4.30 +14.99999977 +19.99999977
  4.31 +14.99999976 +19.99999976
  4.32 +14.99999976 +19.99999976
  4.33 +14.99999975 +19.99999975
  4.34 +14.99999975 +19.99999975
  4.35 +14.99999974 +19.99999974
  4.36 +14.99999973 +19.99999973
  4.37 +14.99999973 +19.99999973
  4.38 +14.99999972 +19.99999972
  4.39 +14.99999971 +19.99999972
  4.40 +14.99999971 +19.99999971
  4.41 +14.99999970 +19.99999970
  4.42 +14.99999970 +19.99999970
  4.43 +14.99999969 +19.99999969
  4.44 +14.99999968 +19.99999968
  4.45 +14.99999967 +19.99999968
  4.46 +14.99999967 +19.99999967
  4.47 +14.99999966 +19.99999966
  4.48 +14.99999965 +19.99999965
  4.49 +14.99999964 +19.99999965
  4.50 +14.99999964 +19.99999964
  4.51 +14.99999963 +19.99999963
  4.52 +14.99999962 +19.99999962
  4.53 +14.99999961 +19.99999961
  4.54 +14.99999960 +19.99999961
  4.55 +14.99999960 +19.99999960
  4.56 +14.99999959 +19.99999959
  4.57 +14.99999958 +19.99999958
  4.58 +14.99999957 +19.99999957
  4.59 +14.99999956 +19.99999956
  4.60 +14.99999955 +19.99999955
  4.61 +14.99999954 +19.99999954
  4.62 +14.99999953 +19.99999953
  4.63 +14.99999952 +19.99999952
  4.64 +14.99999951 +19.99999951
  4.65 +14.99999950 +19.99999950
  4.66 +14.99999949 +19.99999949
  4.67 +14.99999948 +19.99999948
  4.68 +14.99999947 +19.99999947
  4.69 +14.99999946 +19.99999946
  4.70 +14.99999944 +19.99999945
  4.71 +14.99999943 +19.99999943
  4.72 +14.99999942 +19.99999942
  4.73 +14.99999941 +19.99999941
  4.74 +14.99999940 +19.99999940
  4.75 +14.99999938 +19.99999939
  4.76 +14.99999937 +19.99999937
  4.77 +14.99999936 +19.99999936
  4.78 +14.99999934 +19.99999935
  4.79 +14.99999933 +19.99999933
  4.80 +14.99999932 +19.99999932
  4.81 +14.99999930 +19.99999930
  4.82 +14.99999929 +19.99999929
  4.83 +14.99999927 +19.99999928
  4.84 +14.99999926 +19.99999926
  4.85 +14.99999924 +19.99999925
  4.86 +14.99999923 +19.99999923
  4.87 +14.99999921 +19.99999921
  4.88 +14.99999920 +19.99999920
  4.89 +14.99999918 +19.99999918
  4.90 +14.99999916 +19.99999916
  4.91 +14.99999915 +19.99999915
  4.92 +14.99999913 +19.99999913
  4.93 +14.99999911 +19.99999911
  4.94 +14.99999909 +19.99999909
  4.95 +14.99999907 +19.99999908
  4.96 +14.99999905 +19.99999906
  4.97 +14.99999904 +19.99999904
  4.98 +14.99999902 +19.99999902
  4.99 +14.99999900 +19.99999900
  5.00 +14.99999898 +19.99999898
  5.01 +14.99999896 +19.99999896
  5.02 +14.99999893 +19.99999894
  5.03 +14.99999891 +19.99999892
  5.04 +14.99999889 +19.99999889
  5.05 +14.99999887 +19.99999887
  5.06 +14.99999885 +19.99999885
  5.07 +14.99999882 +19.99999883
  5.08 +14.99999880 +19.99999880
  5.09 +14.99999878 +19.99999878
  5.10 +14.99999875 +19.99999875
  5.11 +14.99999873 +19.99999873
  5.12 +14.99999870 +19.99999870
  5.13 +14.99999867 +19.99999868
  5.14 +14.99999865 +19.99999865
  5.15 +14.99999862 +19.99999863
  5.16 +14.99999859 +19.99999860
  5.17 +14.99999857 +19.99999857
  5.18 +14.99999854 +19.99999854
  5.19 +14.99999851 +19.99999851
  5.20 +14.99999848 +19.99999848
  5.21 +14.99999845 +19.99999845
  5.22 +14.99999842 +19.99999842
  5.23 +14.99999839 +19.99999839
  5.24 +14.99999836 +19.99999836
  5.25 +14.99999833 +19.99999833
  5.26 +14.99999829 +19.99999830
  5.27 +14.99999826 +19.99999826
  5.28 +14.99999823 +19.99999823
  5.29 +14.99999819 +19.99999820
  5.30 +14.99999816 +19.99999816
  5.31 +14.99999812 +19.99999812
  5.32 +14.99999808 +19.99999809
  5.33 +14.99999805 +19.99999805
  5.34 +14.99999801 +19.99999801
  5.35 +14.99999797 +19.99999798
  5.36 +14.99999793 +19.99999794
  5.37 +14.99999789 +19.99999790
  5.38 +14.99999785 +19.99999786
  5.39 +14.99999781 +19.99999782
  5.40 +14.99999777 +19.99999777
  5.41 +14.99999773 +19.99999773
  5.42 +14.99999768 +19.99999769
  5.43 +14.99999764 +19.99999764
  5.44 +14.99999759 +19.99999760
  5.45 +14.99999755 +19.99999755
  5.46 +14.99999750 +19.99999751
  5.47 +14.99999745 +19.99999746
  5.48 +14.99999741 +19.99999741
  5.49 +14.99999736 +19.99999736
  5.50 +14.99999731 +19.99999731
  5.51 +14.99999726 +19.99999726
  5.52 +14.99999721 +19.99999721
  5.53 +14.99999715 +19.99999716
  5.54 +14.99999710 +19.99999711
  5.55 +14.99999705 +19.99999705
  5.56 +14.99999699 +19.99999700
  5.57 +14.99999693 +19.99999694
  5.58 +14.99999688 +19.99999688
  5.59 +14.99999682 +19.99999683
  5.60 +14.99999676 +19.99999677
  5.61 +14.99999670 +19.99999671
  5.62 +14.99999664 +19.99999665
  5.63 +14.99999658 +19.99999658
  5.64 +14.99999651 +19.99999652
  5.65 +14.99999645 +19.99999646
  5.66 +14.99999638 +19.99999639
  5.67 +14.99999632 +19.99999632
  5.68 +14.99999625 +19.99999626
  5.69 +14.99999618 +19.99999619
  5.70 +14.99999611 +19.99999612
  5.71 +14.99999604 +19.99999605
  5.72 +14.99999597 +19.99999598
  5.73 +14.99999590 +19.99999590
  5.74 +14.99999582 +19.99999583
  5.75 +14.99999575 +19.99999575
  5.76 +14.99999567 +19.99999568
  5.77 +14.99999559 +19.99999560
  5.78 +14.99999551 +19.99999552
  5.79 +14.99999543 +19.99999544
  5.80 +14.99999535 +19.99999536
  5.81 +14.99999526 +19.99999527
  5.82 +14.99999518 +19.99999519
  5.83 +14.99999509 +19.99999510
  5.84 +14.99999501 +19.99999502
  5.85 +14.99999492 +19.99999493
  5.86 +14.99999483 +19.99999484
  5.87 +14.99999473 +19.99999474
  5.88 +14.99999464 +19.99999465
  5.89 +14.99999455 +19.99999456
  5.90 +14.99999445 +19.99999446
  5.91 +14.99999435 +19.99999436
  5.92 +14.99999425 +19.99999426
  5.93 +14.99999415 +19.99999416
  5.94 +14.99999405 +19.99999406
  5.95 +14.99999394 +19.99999395
  5.96 +14.99999384 +19.99999385
  5.97 +14.99999373 +19.99999374
  5.98 +14.99999362 +19.99999363
  5.99 +14.99999351 +19.99999352
  6.00 +14.99999340 +19.99999341
  6.01 +14.99999328 +19.99999329
  6.02 +14.99999317 +19.99999318
  6.03 +14.99999305 +19.99999306
  6.04 +14.99999293 +19.99999294
  6.05 +14.99999280 +19.99999282
  6.06 +14.99999268 +19.99999269
  6.07 +14.99999255 +19.99999257
  6.08 +14.99999243 +19.99999244
  6.09 +14.99999230 +19.99999231
  6.10 +14.99999216 +19.99999218
  6.11 +14.99999203 +19.99999204
  6.12 +14.99999189 +19.99999191
  6.13 +14.99999176 +19.99999177
  6.14 +14.99999161 +19.99999163
  6.15 +14.99999147 +19.99999149
  6.16 +14.99999133 +19.99999134
  6.17 +14.99999118 +19.99999120
  6.18 +14.99999103 +19.99999105
  6.19 +14.99999088 +19.99999090
  6.20 +14.99999073 +19.99999074
  6.21 +14.99999057 +19.99999059
  6.22 +14.99999041 +19.99999043
  6.23 +14.99999025 +19.99999027
  6.24 +14.99999009 +19.99999010
  6.25 +14.99998992 +19.99998994
  6.26 +14.99998975 +19.99998977
  6.27 +14.99998958 +19.99998960
  6.28 +14.99998941 +19.99998943
  6.29 +14.99998923 +19.99998925
  6.30 +14.99998905 +19.99998907
  6.31 +14.99998887 +19.99998888
  6.32 +14.99998868 +19.99998869
  6.33 +14.99998849 +19.99998851
  6.34 +14.99998829 +19.99998831
  6.35 +14.99998810 +19.99998812
  6.36 +14.99998790 +19.99998792
  6.37 +14.99998770 +19.99998772
  6.38 +14.99998750 +19.99998752
  6.39 +14.99998729 +19.99998731
  6.40 +14.99998708 +19.99998710
  6.41 +14.99998687 +19.99998689
  6.42 +14.99998665 +19.99998667
  6.43 +14.99998643 +19.99998645
  6.44 +14.99998621 +19.99998623
  6.45 +14.99998598 +19.99998600
  6.46 +14.99998575 +19.99998578
  6.47 +14.99998552 +19.99998554
  6.48 +14.99998529 +19.99998531
  6.49 +14.99998505 +19.99998507
  6.50 +14.99998480 +19.99998483
  6.51 +14.99998456 +19.99998458
  6.52 +14.99998431 +19.99998433
  6.53 +14.99998406 +19.99998408
  6.54 +14.99998380 +19.99998382
  6.55 +14.99998354 +19.99998357
  6.56 +14.99998328 +19.99998330
  6.57 +14.99998301 +19.99998304
  6.58 +14.99998274 +19.99998276
  6.59 +14.99998246 +19.99998249
  6.60 +14.99998218 +19.99998221
  6.61 +14.99998190 +19.99998193
  6.62 +14.99998161 +19.99998164
  6.63 +14.99998132 +19.99998135
  6.64 +14.99998103 +19.99998106
  6.65 +14.99998073 +19.99998076
  6.66 +14.99998042 +19.99998045
  6.67 +14.99998012 +19.99998015
  6.68 +14.99997980 +19.99997983
  6.69 +14.99997949 +19.99997952
  6.70 +14.99997917 +19.99997920
  6.71 +14.99997884 +19.99997887
  6.72 +14.99997851 +19.99997854
  6.73 +14.99997818 +19.99997821
  6.74 +14.99997784 +19.99997787
  6.75 +14.99997750 +19.99997753
  6.76 +14.99997715 +19.99997718
  6.77 +14.99997679 +19.99997683
  6.78 +14.99997643 +19.99997647
  6.79 +14.99997607 +19.99997611
  6.80 +14.99997570 +19.99997574
  6.81 +14.99997533 +19.99997537
  6.82 +14.99997495 +19.99997499
  6.83 +14.99997457 +19.99997461
  6.84 +14.99997418 +19.99997422
  6.85 +14.99997379 +19.99997382
  6.86 +14.99997339 +19.99997343
  6.87 +14.99997298 +19.99997302
  6.88 +14.99997257 +19.99997261
  6.89 +14.99997216 +19.99997220
  6.90 +14.99997173 +19.99997177
  6.91 +14.99997131 +19.99997135
  6.92 +14.99997087 +19.99997091
  6.93 +14.99997044 +19.99997048
  6.94 +14.99996999 +19.99997003
  6.95 +14.99996954 +19.99996958
  6.96 +14.99996908 +19.99996913
  6.97 +14.99996862 +19.99996866
  6.98 +14.99996815 +19.99996819
  6.99 +14.99996767 +19.99996772
  7.00 +14.99996719 +19.99996724
  7.01 +14.99996670 +19.99996675
  7.02 +14.99996621 +19.99996626
  7.03 +14.99996571 +19.99996575
  7.04 +14.99996520 +19.99996525
  7.05 +14.99996468 +19.99996473
  7.06 +14.99996416 +19.99996421
  7.07 +14.99996363 +19.99996368
  7.08 +14.99996310 +19.99996315
  7.09 +14.99996255 +19.99996260
  7.10 +14.99996200 +19.99996205
  7.11 +14.99996145 +19.99996150
  7.12 +14.99996088 +19.99996093
  7.13 +14.99996031 +19.99996036
  7.14 +14.99995973 +19.99995978
  7.15 +14.99995914 +19.99995919
  7.16 +14.99995855 +19.99995860
  7.17 +14.99995794 +19.99995800
  7.18 +14.99995733 +19.99995739
  7.19 +14.99995671 +19.99995677
  7.20 +14.99995609 +19.99995614
  7.21 +14.99995545 +19.99995551
  7.22 +14.99995481 +19.99995486
  7.23 +14.99995415 +19.99995421
  7.24 +14.99995349 +19.99995355
  7.25 +14.99995283 +19.99995288
  7.26 +14.99995215 +19.99995221
  7.27 +14.99995146 +19.99995152
  7.28 +14.99995077 +19.99995083
  7.29 +14.99995006 +19.99995012
  7.30 +14.99994935 +19.99994941
  7.31 +14.99994862 +19.99994869
  7.32 +14.99994789 +19.99994796
  7.33 +14.99994715 +19.99994722
  7.34 +14.99994640 +19.99994646
  7.35 +14.99994564 +19.99994571
  7.36 +14.99994487 +19.99994494
  7.37 +14.99994409 +19.99994416
  7.38 +14.99994330 +19.99994337
  7.39 +14.99994250 +19.99994257
  7.40 +14.99994169 +19.99994176
  7.41 +14.99994087 +19.99994094
  7.42 +14.99994004 +19.99994011
  7.43 +14.99993920 +19.99993927
  7.44 +14.99993835 +19.99993842
  7.45 +14.99993748 +19.99993755
  7.46 +14.99993661 +19.99993668
  7.47 +14.99993573 +19.99993580
  7.48 +14.99993483 +19.99993490
  7.49 +14.99993392 +19.99993400
  7.50 +14.99993301 +19.99993308
  7.51 +14.99993208 +19.99993215
  7.52 +14.99993113 +19.99993121
  7.53 +14.99993018 +19.99993026
  7.54 +14.99992922 +19.99992930
  7.55 +14.99992824 +19.99992831
  7.56 +14.99992725 +19.99992734
  7.57 +14.99992626 +19.99992635
  7.58 +14.99992525 +19.99992535
  7.59 +14.99992424 +19.99992433
  7.60 +14.99992322 +19.99992330
  7.61 +14.99992218 +19.99992226
  7.62 +14.99992113 +19.99992121
  7.63 +14.99992006 +19.99992015
  7.64 +14.99991899 +19.99991907
  7.65 +14.99991789 +19.99991798
  7.66 +14.99991679 +19.99991688
  7.67 +14.99991567 +19.99991576
  7.68 +14.99991453 +19.99991462
  7.69 +14.99991338 +19.99991348
  7.70 +14.99991222 +19.99991231
  7.71 +14.99991104 +19.99991114
  7.72 +14.99990985 +19.99990995
  7.73 +14.99990865 +19.99990874
  7.74 +14.99990743 +19.99990752
  7.75 +14.99990619 +19.99990629
  7.76 +14.99990494 +19.99990504
  7.77 +14.99990367 +19.99990377
  7.78 +14.99990239 +19.99990249
  7.79 +14.99990110 +19.99990120
  7.80 +14.99989978 +19.99989988
  7.81 +14.99989846 +19.99989856
  7.82 +14.99989711 +19.99989721
  7.83 +14.99989575 +19.99989585
  7.84 +14.99989437 +19.99989448
  7.85 +14.99989298 +19.99989308
  7.86 +14.99989157 +19.99989167
  7.87 +14.99989014 +19.99989025
  7.88 +14.99988870 +19.99988881
  7.89 +14.99988724 +19.99988734
  7.90 +14.99988576 +19.99988587
  7.91 +14.99988426 +19.99988437
  7.92 +14.99988275 +19.99988286
  7.93 +14.99988122 +19.99988133
  7.94 +14.99987966 +19.99987978
  7.95 +14.99987810 +19.99987821
  7.96 +14.99987651 +19.99987662
  7.97 +14.99987490 +19.99987502
  7.98 +14.99987328 +19.99987339
  7.99 +14.99987163 +19.99987175
  8.00 +14.99986997 +19.99987009
  8.01 +14.99986829 +19.99986841
  8.02 +14.99986659 +19.99986671
  8.03 +14.99986486 +19.99986498
  8.04 +14.99986312 +19.99986324
  8.05 +14.99986136 +19.99986148
  8.06 +14.99985958 +19.99985970
  8.07 +14.99985777 +19.99985790
  8.08 +14.99985595 +19.99985607
  8.09 +14.99985410 +19.99985423
  8.10 +14.99985223 +19.99985236
  8.11 +14.99985035 +19.99985047
  8.12 +14.99984844 +19.99984857
  8.13 +14.99984650 +19.99984663
  8.14 +14.99984455 +19.99984468
  8.15 +14.99984257 +19.99984270
  8.16 +14.99984057 +19.99984071
  8.17 +14.99983855 +19.99983868
  8.18 +14.99983650 +19.99983664
  8.19 +14.99983443 +19.99983457
  8.20 +14.99983234 +19.99983248
  8.21 +14.99983022 +19.99983036
  8.22 +14.99982808 +19.99982822
  8.23 +14.99982592 +19.99982606
  8.24 +14.99982373 +19.99982387
  8.25 +14.99982152 +19.99982166
  8.26 +14.99981928 +19.99981942
  8.27 +14.99981701 +19.99981716
  8.28 +14.99981472 +19.99981487
  8.29 +14.99981241 +19.99981255
  8.30 +14.99981006 +19.99981021
  8.31 +14.99980770 +19.99980784
  8.32 +14.99980530 +19.99980545
  8.33 +14.99980288 +19.99980303
  8.34 +14.99980043 +19.99980058
  8.35 +14.99979796 +19.99979811
  8.36 +14.99979545 +19.99979561
  8.37 +14.99979292 +19.99979307
  8.38 +14.99979036 +19.99979052
  8.39 +14.99978777 +19.99978793
  8.40 +14.99978515 +19.99978531
  8.41 +14.99978251 +19.99978267
  8.42 +14.99977983 +19.99977999
  8.43 +14.99977713 +19.99977729
  8.44 +14.99977439 +19.99977455
  8.45 +14.99977163 +19.99977179
  8.46 +14.99976883 +19.99976899
  8.47 +14.99976600 +19.99976617
  8.48 +14.99976315 +19.99976331
  8.49 +14.99976026 +19.99976042
  8.50 +14.99975733 +19.99975750
  8.51 +14.99975438 +19.99975455
  8.52 +14.99975140 +19.99975156
  8.53 +14.99974838 +19.99974855
  8.54 +14.99974532 +19.99974550
  8.55 +14.99974224 +19.99974241
  8.56 +14.99973912 +19.99973929
  8.57 +14.99973597 +19.99973614
  8.58 +14.99973278 +19.99973295
  8.59 +14.99972956 +19.99972973
  8.60 +14.99972630 +19.99972648
  8.61 +14.99972301 +19.99972318
  8.62 +14.99971968 +19.99971986
  8.63 +14.99971631 +19.99971649
  8.64 +14.99971291 +19.99971309
  8.65 +14.99970947 +19.99970965
  8.66 +14.99970599 +19.99970618
  8.67 +14.99970248 +19.99970266
  8.68 +14.99969893 +19.99969911
  8.69 +14.99969534 +19.99969552
  8.70 +14.99969171 +19.99969189
  8.71 +14.99968804 +19.99968823
  8.72 +14.99968433 +19.99968452
  8.73 +14.99968058 +19.99968077
  8.74 +14.99967679 +19.99967698
  8.75 +14.99967296 +19.99967315
  8.76 +14.99966909 +19.99966928
  8.77 +14.99966518 +19.99966537
  8.78 +14.99966122 +19.99966141
  8.79 +14.99965722 +19.99965742
  8.80 +14.99965318 +19.99965338
  8.81 +14.99964910 +19.99964929
  8.82 +14.99964497 +19.99964516
  8.83 +14.99964080 +19.99964099
  8.84 +14.99963658 +19.99963678
  8.85 +14.99963232 +19.99963251
  8.86 +14.99962801 +19.99962820
  8.87 +14.99962365 +19.99962385
  8.88 +14.99961925 +19.99961945
  8.89 +14.99961480 +19.99961500
  8.90 +14.99961030 +19.99961050
  8.91 +14.99960576 +19.99960596
  8.92 +14.99960116 +19.99960136
  8.93 +14.99959652 +19.99959672
  8.94 +14.99959182 +19.99959203
  8.95 +14.99958708 +19.99958728
  8.96 +14.99958229 +19.99958249
  8.97 +14.99957744 +19.99957764
  8.98 +14.99957254 +19.99957275
  8.99 +14.99956759 +19.99956780
  9.00 +14.99956259 +19.99956279
  9.01 +14.99955753 +19.99955774
  9.02 +14.99955242 +19.99955263
  9.03 +14.99954725 +19.99954746
  9.04 +14.99954203 +19.99954224
  9.05 +14.99953676 +19.99953696
  9.06 +14.99953142 +19.99953163
  9.07 +14.99952603 +19.99952624
  9.08 +14.99952058 +19.99952079
  9.09 +14.99951508 +19.99951528
  9.10 +14.99950951 +19.99950972
  9.11 +14.99950388 +19.99950409
  9.12 +14.99949820 +19.99949840
  9.13 +14.99949245 +19.99949266
  9.14 +14.99948664 +19.99948685
  9.15 +14.99948077 +19.99948098
  9.16 +14.99947484 +19.99947504
  9.17 +14.99946884 +19.99946905
  9.18 +14.99946278 +19.99946298
  9.19 +14.99945665 +19.99945686
  9.20 +14.99945046 +19.99945066
  9.21 +14.99944420 +19.99944440
  9.22 +14.99943787 +19.99943808
  9.23 +14.99943148 +19.99943168
  9.24 +14.99942501 +19.99942522
  9.25 +14.99941848 +19.99941868
  9.26 +14.99941188 +19.99941208
  9.27 +14.99940520 +19.99940541
  9.28 +14.99939846 +19.99939866
  9.29 +14.99939164 +19.99939184
  9.30 +14.99938475 +19.99938495
  9.31 +14.99937778 +19.99937798
  9.32 +14.99937074 +19.99937094
  9.33 +14.99936362 +19.99936382
  9.34 +14.99935642 +19.99935662
  9.35 +14.99934915 +19.99934935
  9.36 +14.99934180 +19.99934199
  9.37 +14.99933437 +19.99933456
  9.38 +14.99932686 +19.99932705
  9.39 +14.99931926 +19.99931945
  9.40 +14.99931159 +19.99931178
  9.41 +14.99930383 +19.99930402
  9.42 +14.99929598 +19.99929617
  9.43 +14.99928805 +19.99928824
  9.44 +14.99928004 +19.99928022
  9.45 +14.99927193 +19.99927212
  9.46 +14.99926374 +19.99926393
  9.47 +14.99925546 +19.99925564
  9.48 +14.99924709 +19.99924727
  9.49 +14.99923863 +19.99923881
  9.50 +14.99923008 +19.99923025
  9.51 +14.99922144 +19.99922160
  9.52 +14.99921270 +19.99921286
  9.53 +14.99920387 +19.99920403
  9.54 +14.99919494 +19.99919510
  9.55 +14.99918591 +19.99918607
  9.56 +14.99917679 +19.99917695
  9.57 +14.99916756 +19.99916772
  9.58 +14.99915823 +19.99915839
  9.59 +14.99914880 +19.99914896
  9.60 +14.99913927 +19.99913942
  9.61 +14.99912963 +19.99912977
  9.62 +14.99911988 +19.99912002
  9.63 +14.99911002 +19.99911016
  9.64 +14.99910006 +19.99910019
  9.65 +14.99908999 +19.99909011
  9.66 +14.99907980 +19.99907992
  9.67 +14.99906950 +19.99906962
  9.68 +14.99905909 +19.99905920
  9.69 +14.99904856 +19.99904867
  9.70 +14.99903792 +19.99903802
  9.71 +14.99902715 +19.99902725
  9.72 +14.99901628 +19.99901636
  9.73 +14.99900527 +19.99900537
  9.74 +14.99899413 +19.99899419
  9.75 +14.99898289 +19.99898292
  9.76 +14.99897148 +19.99897155
  9.77 +14.99895994 +19.99896002
  9.78 +14.99894830 +19.99894837
  9.79 +14.99893652 +19.99893658
  9.80 +14.99892461 +19.99892466
  9.81 +14.99891256 +19.99891260
  9.82 +14.99890036 +19.99890041
  9.83 +14.99888803 +19.99888807
  9.84 +14.99887555 +19.99887559
  9.85 +14.99886293 +19.99886296
  9.86 +14.99885016 +19.99885018
  9.87 +14.99883724 +19.99883725
  9.88 +14.99882416 +19.99882417
  9.89 +14.99881094 +19.99881094
  9.90 +14.99879755 +19.99879755
  9.91 +14.99878401 +19.99878400
  9.92 +14.99877031 +19.99877029
  9.93 +14.99875644 +19.99875641
  9.94 +14.99874241 +19.99874237
  9.95 +14.99872821 +19.99872816
  9.96 +14.99871383 +19.99871378
  9.97 +14.99869929 +19.99869922
  9.98 +14.99868456 +19.99868449
  9.99 +14.99866966 +19.99866957
 10.00 +14.99865458 +19.99865448
 10.01 +14.99863932 +19.99863920
 10.02 +14.99862386 +19.99862374
 10.03 +14.99860822 +19.99860808
 10.04 +14.99859238 +19.99859223
 10.05 +14.99857634 +19.99857619
 10.06 +14.99856011 +19.99855994
 10.07 +14.99854368 +19.99854349
 10.08 +14.99852704 +19.99852684
 10.09 +14.99851019 +19.99850997
 10.10 +14.99849312 +19.99849290
 10.11 +14.99847585 +19.99847560
 10.12 +14.99845835 +19.99845809
 10.13 +14.99844063 +19.99844035
 10.14 +14.99842268 +19.99842239
 10.15 +14.99840450 +19.99840419
 10.16 +14.99838609 +19.99838576
 10.17 +14.99836744 +19.99836709
 10.18 +14.99834854 +19.99834818
 10.19 +14.99832940 +19.99832902
 10.20 +14.99831001 +19.99830960
 10.21 +14.99829036 +19.99828993
 10.22 +14.99827045 +19.99827000
 10.23 +14.99825027 +19.99824980
 10.24 +14.99822982 +19.99822934
 10.25 +14.99820910 +19.99820859
 10.26 +14.99818810 +19.99818757
 10.27 +14.99816681 +19.99816625
 10.28 +14.99814521 +19.99814464
 10.29 +14.99812332 +19.99812274
 10.30 +14.99810114 +19.99810052
 10.31 +14.99807866 +19.99807799
 10.32 +14.99805586 +19.99805514
 10.33 +14.99803273 +19.99803199
 10.34 +14.99800928 +19.99800851
 10.35 +14.99798548 +19.99798470
 10.36 +14.99796136 +19.99796055
 10.37 +14.99793691 +19.99793604
 10.38 +14.99791210 +19.99791119
 10.39 +14.99788691 +19.99788597
 10.40 +14.99786136 +19.99786039
 10.41 +14.99783543 +19.99783443
 10.42 +14.99780913 +19.99780808
 10.43 +14.99778247 +19.99778134
 10.44 +14.99775537 +19.99775421
 10.45 +14.99772790 +19.99772667
 10.46 +14.99769998 +19.99769873
 10.47 +14.99767165 +19.99767036
 10.48 +14.99764288 +19.99764155
 10.49 +14.99761368 +19.99761230
 10.50 +14.99758403 +19.99758258
 10.51 +14.99755391 +19.99755240
 10.52 +14.99752331 +19.99752174
 10.53 +14.99749221 +19.99749060
 10.54 +14.99746061 +19.99745895
 10.55 +14.99742850 +19.99742678
 10.56 +14.99739587 +19.99739407
 10.57 +14.99736271 +19.99736083
 10.58 +14.99732900 +19.99732703
 10.59 +14.99729472 +19.99729267
 10.60 +14.99725985 +19.99725773
 10.61 +14.99722439 +19.99722220
 10.62 +14.99718832 +19.99718606
 10.63 +14.99715162 +19.99714928
 10.64 +14.99711428 +19.99711185
 10.65 +14.99707627 +19.99707376
 10.66 +14.99703758 +19.99703497
 10.67 +14.99699820 +19.99699547
 10.68 +14.99695807 +19.99695525
 10.69 +14.99691720 +19.99691427
 10.70 +14.99687557 +19.99687253
 10.71 +14.99683316 +19.99682999
 10.72 +14.99678994 +19.99678663
 10.73 +14.99674589 +19.99674244
 10.74 +14.99670097 +19.99669739
 10.75 +14.99665517 +19.99665146
 10.76 +14.99660848 +19.99660461
 10.77 +14.99656085 +19.99655681
 10.78 +14.99651225 +19.99650804
 10.79 +14.99646264 +19.99645827
 10.80 +14.99641201 +19.99640747
 10.81 +14.99636031 +19.99635558
 10.82 +14.99630751 +19.99630258
 10.83 +14.99625355 +19.99624843
 10.84 +14.99619841 +19.99619309
 10.85 +14.99614206 +19.99613653
 10.86 +14.99608443 +19.99607866
 10.87 +14.99602549 +19.99601946
 10.88 +14.99596518 +19.99595889
 10.89 +14.99590344 +19.99589688
 10.90 +14.99584024 +19.99583339
 10.91 +14.99577552 +19.99576835
 10.92 +14.99570922 +19.99570171
 10.93 +14.99564128 +19.99563340
 10.94 +14.99557161 +19.99556337
 10.95 +14.99550018 +19.99549155
 10.96 +14.99542689 +19.99541786
 10.97 +14.99535168 +19.99534223
 10.98 +14.99527448 +19.99526458
 10.99 +14.99519517 +19.99518478
 11.00 +14.99511366 +19.99510278
 11.01 +14.99502986 +19.99501845
 11.02 +14.99494366 +19.99493169
 11.03 +14.99485497 +19.99484237
 11.04 +14.99476366 +19.99475038
 11.05 +14.99466964 +19.99465560
 11.06 +14.99457271 +19.99455792
 11.07 +14.99447273 +19.99445715
 11.08 +14.99436961 +19.99435319
 11.09 +14.99426314 +19.99424585
 11.10 +14.99415316 +19.99413490
 11.11 +14.99403949 +19.99402019
 11.12 +14.99392192 +19.99390150
 11.13 +14.99380022 +19.99377859
 11.14 +14.99367418 +19.99365121
 11.15 +14.99354351 +19.99351911
 11.16 +14.99340793 +19.99338204
 11.17 +14.99326716 +19.99323965
 11.18 +14.99312086 +19.99309162
 11.19 +14.99296870 +19.99293754
 11.20 +14.99281029 +19.99277705
 11.21 +14.99264521 +19.99260967
 11.22 +14.99247299 +19.99243496
 11.23 +14.99229312 +19.99225241
 11.24 +14.99210506 +19.99206143
 11.25 +14.99190825 +19.99186134
 11.26 +14.99170199 +19.99165146
 11.27 +14.99148556 +19.99143106
 11.28 +14.99125814 +19.99119925
 11.29 +14.99101875 +19.99095509
 11.30 +14.99076648 +19.99069745
 11.31 +14.99050017 +19.99042516
 11.32 +14.99021858 +19.99013685
 11.33 +14.98992027 +19.98983101
 11.34 +14.98960370 +19.98950593
 11.35 +14.98926700 +19.98915964
 11.36 +14.98890816 +19.98878993
 11.37 +14.98852482 +19.98839420
 11.38 +14.98811431 +19.98796951
 11.39 +14.98767355 +19.98751242
 11.40 +14.98719896 +19.98701892
 11.41 +14.98668636 +19.98648433
 11.42 +14.98613088 +19.98590307
 11.43 +14.98552675 +19.98526853
 11.44 +14.98486713 +19.98457275
 11.45 +14.98414380 +19.98380604
 11.46 +14.98334683 +19.98295654
 11.47 +14.98246408 +19.98200945
 11.48 +14.98148052 +19.98094607
 11.49 +14.98037734 +19.97974244
 11.50 +14.97913053 +19.97836701
 11.51 +14.97770899 +19.97677731
 11.52 +14.97607147 +19.97491447
 11.53 +14.97416185 +19.97269311
 11.54 +14.97190088 +19.96998274
 11.55 +14.96917192 +19.96656805
 11.56 +14.96579241 +19.96205077
 11.57 +14.96144973 +19.95553774
 11.58 +14.95578904 +19.94430362
 11.59 +14.94855197 +19.92258666
 11.60 +14.94069624 +19.91373221
 11.61 +14.93284050 +19.87453956
