34.50354608427846,34.50354608427846,34.50354608427846,34.50354608427846,34.50354608427846,34.50354608427846,34.50354608427846,34.50354608427846,34.50354608427846,34.50354608427846,34.50354608427846,34.50354608441891,34.503546084789384,34.50354608543623,34.50354608639486,34.503546087848505,34.50354609035855,34.50354609504379,34.50354610356084,34.50354611768422,34.50354613790902,34.50354616044331,34.50354617437627,34.5035461605086,34.503546092103875,34.503545936901475,34.50354565924229,34.50354522111746,34.50354458126626,34.503543691815985,34.50354249242375,34.50354090239348,34.503538811179844,34.503536067997246,34.50353246844864,34.50352773370064,34.503521493328364,34.503513283786546,34.50350256546717,34.50348875357725,34.503471254273165,34.50344949597322,34.50342294873588,34.50339112501708,34.50335356229677,34.50330978801004,34.503259271946135,34.503201371500154,34.50313527340686,34.503059925785074,34.50297398045803,34.502875766566284,34.50276331755748,34.50263443346515,34.502486766017505,34.50231792299973,34.50212553594403,34.50190731064626,34.50166103933843,34.50138457744493,34.5010757891373,34.500732469951984,34.50035225228678,34.499932487142445,34.49947012422629,34.49896164953906,34.49840311262995,34.497790241198004,34.497118613547144,34.496383845300144,34.49558174614802,34.4947084125539,34.49376023933292,34.492733851628024,34.49162596080953,34.49043315671135,34.489151655759,34.4877770160984,34.486303857355104,34.4847256786762,34.48303483621997,34.48122268864292,34.47927987511569,34.4771966623584,34.4749632899895,34.47257025402951,34.4700084894723,34.467269442007016,34.46434502669401,34.46122747808885,34.45790911589344,34.45438205113335,34.45063788028449,34.44666746426994,34.44246092409953,34.438007791942994,34.43329734528293,34.42831903303648,34.42306291330023,34.41752003043987,34.41168268493294,34.405544585019044,34.39910087843393,34.392348057458484,34.385283759022116,34.37790649815089,34.37021539011367,34.36220996427697,34.353890155286784,34.345256493425346,34.336310454698726,34.32705489058485,34.317494444078086,34.307635870089584,34.29748820776079,34.28706279263584,34.27637311549857,34.265434527096886,34.25426381822057,34.24287872859577,34.231297448020484,34.21953819766542,34.20761896724122,34.195557428307104,34.18337099048294,34.171076925998825,34.15869249550167,34.146235018889065,34.133721869298206,34.121170404579324,34.10859786371639,34.096021236157576,34.08345711972867,34.07092159439082,34.058430138939954,34.0459976203073,34.03363837357864,34.02136635861766,34.009195353485104,33.99713913857889,33.98521163888876,33.97342701467785,33.96179971019564,33.95034447895646,33.939076397760545,33.928010856342055,33.91716351038198,33.90655020725442,33.89618690640591,33.886089614216786,33.87627434077902,33.86675707086669,33.857553732286036,33.848680148504236,33.84015197304558,33.8319846097893,33.82419312218447,33.81679213196469,33.80979570800425,33.80321724002354,33.79706929644239,33.79136348183285,33.78611030591213,33.78131906531355,33.7769977413826,33.77315291545622,33.76978970162696,33.766911696994526,33.764520947398616,33.76261792461692,33.76120151234505,33.76026900133649,33.75981609442058,33.75983691768663,33.76032403568139,33.76126846546331,33.7626596947404,33.76448571037181,33.76673303864883,33.76938680077098,33.77243078414391,33.7758475254067,33.779618404497604,33.78372374946148,33.78814293529777,33.79285448256172,33.79783616243462,33.803065107740316,33.80851792996598,33.81417083747156,33.819999751546,33.82598042190821,33.83208854048721,33.838299849953415,33.844590247193345,33.85093588225905,33.85731324859618,33.8636992665765,33.870071359548916,33.87640751457042,33.882686337365875,33.88888709835637,33.89498976046443,33.90097499824741,33.906824208765784,33.91251951068527,33.91804373725311,33.92338042531861,33.92851379886386,33.933428751565536,33.93811082907872,33.942546194951134,33.94672160865166,33.950624404272226,33.95424247572651,33.957564268245974,33.96057876889417,33.96327549784539,33.96564450101468,33.96767634066039,33.9693620874736,33.97069332679222,33.97166217211934,33.97226128263316,33.97248388411816,33.97232379087592,33.97177542844972,33.97083386019478,33.96949481676294,33.96775472919331,33.965610766125,33.96306087290428,33.960103812582986,33.95673920818777,33.95296758490222,33.94879041217757,33.94421014467478,33.9392302611285,33.93385529990306,33.92809089156282,33.921943790532175,33.91542189869273,33.90853428482729,33.901291195999335,33.8937040587072,33.88578547165729,33.877549186692825,33.869010082432595,33.860184134955915,33.85108836892789,33.84174081080263,33.832160427498685,33.82236705726214,33.81238133406389,33.8022246035947,33.7919188349938,33.78148652837852,33.77095061896765,33.760334379846334,33.74966132350659,33.73895510347738,33.7282394174537,33.71753791256984,33.70687409402268,33.69627123793828,33.68575230893747,33.67533988301145,33.6650560760591,33.65492247827162,33.64496009463207,33.63518929169435,33.62562975072482,33.61630042728265,33.607219517199105,33.59840442877551,33.589871760933136,33.58163728690748,33.57371594297231,33.56612182160356,33.55886816843119,33.55196738229081,33.54543101823278,33.53926978784403,33.53349357030301,33.52811141445119,33.52313154418312,33.518561362829026,33.51440745495553,33.510675587599025,33.50737070976084,33.504496948634205,33.50205760302761,33.50005513401165,33.49849115233329,33.49736640293664,33.496680747341614,33.49643314438737,33.496621629349846,33.497243292687266,33.498294258476065,33.49976966315992,33.50166363543762,33.50396927798322,33.50667865182195,33.5097827639631,33.51327155899387,33.51713391529841,33.521357646847044,33.5259295064109,33.530835204045246,33.536059424009025,33.541585849822575,33.54739719688045,33.55347525097218,33.55980091333527,33.566354252927106,33.573114564969345,33.58006043462355,33.587169805529946,33.59442005309917,33.601788061988366,33.609250307122075,33.616782937827104,33.62436186462337,33.63196284797704,33.639561588247055,33.64713381612599,33.65465538293015,33.662102350057346,33.66945107694603,33.676678306922675,33.68376125038164,33.69067766476142,33.697405930794545,33.703925124549215,33.71021508481729,33.71625647545853,33.722030842352744,33.72752066467396,33.73270940026194,33.737581525892544,33.742122570002444,33.74631913788828,33.7501589338419,33.75363077701922,33.75672461068987,33.75943150571852,33.761743658901494,33.76365438631471,33.76515811195394,33.76625035246552,33.766927698751935,33.76718779508285,33.767029315867404,33.76645194054829,33.76545632695762,33.76404408385657,33.762217738821676,33.75998072293576,33.75733733629666,33.754292714434825,33.75085280599953,33.74702433494419,33.74281479395333,33.738232423069455,33.733286187462156,33.7279857571069,33.722341488852706,33.716364410089525,33.71006620315112,33.70345919003866,33.69655631750953,33.689371142476865,33.68191781739874,33.67421107511659,33.666266212686686,33.658099073776505,33.6497260292746,33.64116395577185,33.632430211548105,33.62354260976586,33.61451938862262,33.605379178298094,33.596140965784066,33.586824054182934,33.57744801779298,33.56803265609003,33.55859794450255,33.5491639812044,33.53975092918557,33.53037895627065,33.521068174552624,33.51183857492921,33.502709959792895,33.493701875207584,33.4848335431453,33.47612379397184,33.46759099938649,33.45925300611404,33.45112707081222,33.44322979678478,33.435577073087245,33.42818401669304,33.421064918316794,33.41423319247163,33.40770133220057,33.40148086880579,33.395582336802036,33.390015244222994,33.38478804834887,33.379908136843,33.375381814294926,33.37121429408486,33.367409695434354,33.3639710440499,33.360900279420214,33.35819826836768,33.355864821405106,33.35389871132088,33.35229769165025,33.35105851969167,33.350176986169814,33.34964794651303,33.34946535217924,33.34962228317244,33.35011098160867,33.35092288576391,33.35204866445241,33.35347824939618,33.355200878490166,33.357205124235186,33.35947893002766,33.3620096466082,33.364784068184065,33.36778846830178,33.37100863581833,33.37442991126596,33.378037223753545,33.381815128372324,33.38574784403749,33.38981929172171,33.39401313314474,33.39831281003386,33.4027015841117,33.40716257793299,33.4116788166483,33.41623327070082,33.420808899409714,33.42538869535702,33.42995572946588,33.43449319665654,33.43898446196125,33.44341310697126,33.4477629764831,33.45201822519603,33.456163366385304,33.46018331243957,33.46406342534999,33.467789561444995,33.4713481152018,33.47472606226455,33.47791100138819,33.4808911948265,33.483655606818786,33.486193939996696,33.48849666959925,33.49055507548062,33.49236127176917,33.49390823395739,33.495189823150774,33.496200807242005,33.49693687873558,33.49739466912238,33.49757175967254,33.49746668864419,33.497078954869174,33.49640901773942,33.49545829352481,33.49422914801725,33.4927248856049,33.4909497346715,33.48890882949092,33.486608188732,33.48405469066005,33.48125604519576,33.47822076302861,33.47495812198278,33.47147813080781,33.467791490690026,33.46390955467618,33.459844285301976,33.45560821064579,33.451214379124934,33.4466763132672,33.442007962725015,33.43722365682472,33.43233805686871,33.427366108426895,33.422322993853115,33.417224085213746,33.41208489779478,33.406921044361646,33.40174819028491,33.39658200964838,33.39143814241565,33.38633215270979,33.3812794882443,33.37629544091617,33.37139510855791,33.36659335782844,33.36190478820454,33.35734369703462,33.35292404559697,33.348659426110885,33.344563029641655,33.34064761484352,33.33692547749034,33.33340842075145,33.33010772617722,33.327034125372435,33.32419777235396,33.32160821659616,33.31927437679335,33.31720451538321,33.31540621389619,33.3138863492056,33.31265107079568,33.31170577915596,33.311055105453526,33.31070289260439,33.31065217797409,33.31090517784176,33.311463273815804,33.31232700143891,33.313496041151915,33.31496921183409,33.31674446711582,33.31881889464586,33.321188718499464,33.3238493048884,33.3267951713334,33.33001999938987,33.33351665104593,33.33727718883983,33.34129289971633,33.34555432262493,33.35005127981443,33.354772911662266,33.35970771501537,33.364843584725016,33.37016785822547,33.37566736281539,33.381328465411315,33.387137124313014,33.393078942669334,33.399139225604024,33.40530302954712,33.41155522201364,33.4178805372804,33.42426363112918,33.4306891345267,33.43714170592224,33.44360608172968,33.4500671245384,33.45650986862978,33.46291956244319,33.46928170772012,33.47558209515024,33.4818068364321,33.48794239274308,33.49397559967426,33.49989368873496,33.505684305564635,33.51133552502306,33.51683586336302,33.522174287725065,33.527340223235626,33.532323558025176,33.53711464651388,33.541704311329184,33.54608384422353,33.550245006346934,33.55418002820556,33.55788160959788,33.561342919790924,33.564557598136126,33.56751975529959,33.57022397521818,33.57266531785799,33.57483932279779,33.57674201362775,33.57836990307629,33.579719998772966,33.58078980948659,33.5815773516353,33.58208115585537,33.58230027336029,33.58223428180728,33.58188329038062,33.581247943780724,33.580329424830644,33.579129455378826,33.577650295239444,33.575894738907415,33.5738661098219,33.571568251982825,33.56900551878398,33.56618275896055,33.5631052996053,33.559778926258176,33.55620986013992,33.552404732640824,33.548370557247274,33.54411469912718,33.53964484264928,33.53496895715371,33.53009526132542,33.525032186553304,33.519788339677376,33.51437246553898,33.50879302145734,33.50305942013967,33.49718189718305,33.491169500756094,33.48502958017891,33.478768657568246,33.472393754097205,33.46591337300797,33.45933778834363,33.4526786582539,33.44594819225478,33.43915816166433,33.43231901268561,33.42543925003493,33.41852514616214,33.41158074152481,33.4046080615417,33.39760748379624,33.390578219173804,33.383518893021126,33.37642821047416,33.36930566578839,33.36215222406982,33.35497088326417,33.34776702641844,33.34054850060122,33.33332540184742,33.326109592936845,33.31891402091931,33.311751926166856,33.30463604171524,33.29757787274756,33.29058712603219,33.2836713336323,33.276835689100224,33.27008309079315,33.26341436760037,33.256828647964575,33.250328098090286,33.24390898470267,33.23755526522812,33.23125514835966,33.2250089280789,33.21882884325306,33.212734210240896,33.20674486750684,33.200875220446385,33.195130261346556,33.18950414338251,33.18398122639009,33.17853894465021,33.173151464590994,33.16779305874175,33.162440449489004,33.15707390599389,33.151677366087775,33.14623810700648,33.14074646260714,33.13519586659458,33.12958322808615,33.123909442982736,33.11817977160679,33.11240385782059,33.10659528188403,33.10077066884722,33.09494846865608,33.08914757376623,33.08338593978005,33.077679346833506,33.07204039550826,33.066477793288996,33.06099595856035,33.05559494803038,33.050270695870246,33.04501553484193,33.03981895008858,33.03466849694123,33.02955079887821,33.02445253458103,33.01936132639778,33.01426645666225,33.0091593610332,33.00403387548517,32.99888624131129,32.99371489670373,32.98852009997195,32.9833034474517,32.97806733370707,32.972814418881136,32.96754714787803,32.96226735686444,32.95697598957313,32.9516729341337,32.9463569812503,32.94102589494277,32.93567658020766,32.93030532726254,32.924908109433474,32.91948091093899,32.914020061426775,32.9085225557962,32.90298634027178,32.897410548695476,32.89179567642446,32.886143683000306,32.88045801874779,32.87474357463456,32.86900655885528,32.86325430757689,32.85749504083425,32.85173757751994,32.84599102539355,32.84026446313306,32.83456663139166,32.828905648832176,32.823288767088656,32.81772217576279,32.81221086513341,32.806758550522744,32.80136765847147,32.79603937131624,32.79077372363899,32.78556974157218,32.78042561418875,32.77533888526556,32.770306653493186,32.765325769815725,32.760393021704594,32.75550529585883,32.750659711268355,32.74585372501098,32.74108519791156,32.73635242745718,32.73165414585876,32.726989490626195,32.72235795182652,32.71775930202382,32.713193514991524,32.70866067961454,32.70416091532108,32.69969429493671,32.69526077997111,32.69086017214457,32.68649208350359,32.68215592591767,32.677850919216525,32.67357611588051,32.669330439125964,32.66511273050233,32.66092180276321,32.65675649375139,32.65261571736013,32.648498508197555,32.644404057348424,32.640331737538965,32.63628111697557,32.63225196208224,32.628244230232774,32.624258054301436,32.620293721399555,32.61635164848949,32.61243235764099,32.608536453571816,32.6046646057667,32.60081753698244,32.59699601931234,32.593200878354416,32.58943300532267,32.58569337634955,32.581983077718235,32.578303335301555,32.57465554631522,32.571041311324436,32.56746246457786,32.56392110085025,32.5604195973681,32.556960629736324,32.553547181255226,32.55018254546973,32.546870322236636,32.54361440798663,32.54041898116838,32.53728848407896,32.534227602402304,32.53124124377323,32.52833451659937,32.52551271017875,32.52278127690539,32.520145817055024,32.51761206631421,32.5151858859175,32.51287325495895,32.510680264199934,32.508613110550264,32.5066780912699,32.504881596939676,32.50323010230445,32.50173015421608,32.50038835609333,32.49921134854003,32.498205786010175,32.49737830966499,32.496735516803454,32.49628392814604,32.49602995085901,32.49597984388648,32.49613967856195,32.49651530282859,32.497112306810834,32.49793599066459,32.49899133521256,32.500282975913805,32.5018151805136,32.50359183023601,32.50561640451462,32.507891969009776,32.5104211666326,32.513206211227626,32.51624888353116,32.51955052902499,32.523112057278375,32.52693394222082,32.53101622367683,32.53535850915995,32.53995997589711,32.544819373007954,32.549935024395744,32.55530483269273,32.56092628453798,32.56679645732004,32.57291202748142,32.57926928043029,32.58586412207195,32.59269209194133,32.59974837787352,32.60702783207812,32.614524988398834,32.62223408044819,32.63014906022349,32.638263616761456,32.64657119437295,32.65506501001377,32.66373806940617,32.67258318160424,32.681592971793116,32.69075989221188,32.70007623120792,32.7095341205181,32.719125540985864,32.728842326992705,32.738676169967704,32.74861862138866,32.75866109571817,32.768794873743296,32.77901110676768,32.7893008220786,32.799654930058736,32.81006423324277,32.82051943754031,32.831011165750695,32.8415299734072,32.8520663668925,32.862610823680754,32.873153814483686,32.883685827013004,32.89419739101801,32.9046791042218,32.91512165875953,32.925515867715696,32.93585269136615,32.94612326275634,32.95631891227751,32.966431190941044,32.9764518921041,32.98637307144458,32.99618706503191,33.00588650539241,33.01546433550956,33.0249138207393,33.03422855865585,33.0434024868712,33.05242988889472,33.061305398113774,33.0700239999967,33.07858103261894,33.086972185626834,33.0951934977528,33.1032413530019,33.1111087926094,33.118793872738415,33.12630536485037,33.13364853838271,33.14081845858692,33.14780047270326,33.15457490893634,33.161123045088914,33.16743220056768,33.17349880742003,33.179329127935276,33.18493786898019,33.190345371133574,33.19557430362581,33.200646731203435,33.20558213469681,33.2103964954564,33.2151022001745,33.21970834540869,33.224221061857506,33.22864365005936,33.2329765145916,33.23721701869684,33.24135942518367,33.245395056143494,33.24931273039352,33.253099461443206,33.25674134426171,33.260224534133386,33.26353622081109,33.26666551560533,33.26960418811338,33.27234720749357,33.2748930588475,33.2772438196525,33.279404996344965,33.281385138013746,33.283195261981625,33.284848142599614,33.28635752692468,33.287737346676415,33.28900099377618,33.29016071716889,33.291227183120284,33.29220922221512,33.29311376665243,33.293945963575446,33.29470943593061,33.295406652778325,33.296039366257354,33.2966090722004,33.29711745483197,33.29756678207773,33.29796022565909,33.29830208848295,33.29859793002393,33.298854588017996,33.2990801014056,33.29928354502673,33.29947479092017,33.29966421427622,33.2998623641081,33.30007961964123,33.30032585332054,33.300610120191784,33.300940391359056,33.30132334624844,33.3017642347096,33.30226681566556,33.30283337437409,33.30346481561222,33.30416082558163,33.304920091353,33.30574056349601,33.30661974540339,33.30755499183779,33.308543799442795,33.30958742705163,33.310683617363765,33.31182154447703,33.3129945494701,33.31420613545733,33.315469656298724,33.31680430920455,33.31822991691454,33.319762303564254,33.32141026990778,33.323174535318074,33.325048532868024,33.32702054956109,33.329076447712936,33.33120218980604,33.333385619441586,33.33561733242892,33.33789081332253,33.3402021936846,33.34254997732185,33.344934939062696,33.34736047933858,33.34983193443783,33.3523568565509,33.35494641418314,33.35761532324257,33.36038052121226,33.363259405574695,33.36626830442739,33.36942148023073,33.372730675185636,33.376205050995765,33.37985133163993,33.383673993263734,33.38767542403328,33.391856066179514,33.39621460057874,33.400748231450514,33.40545308090318,33.41032464239703,33.415358202824336,33.42054914193821,33.42589305447832,33.4313856959485,33.43702280322177,33.44279987044398,33.44871196226336,33.45475362416429,33.46091572721729,33.467192452825955,33.47358706084586,33.480100172510504,33.48672439617109,33.493444677835726,33.50024181333695,33.50709687720982,33.51399507609348,33.520928264753714,33.52789585643421,33.53490419800507,33.541964774575696,33.549091829038645,33.55630003179161,33.563602681537574,33.57101063087965,33.57853187235681,33.58617155623183,33.59393218949412,33.60181384012105,33.60981427793322,33.61792907091731,33.62615169848489,33.63447374266577,33.64288519133472,33.651374853583455,33.65993085984428,33.66854120417967,33.677194282229095,33.68587938173514,33.69458708780204,33.70330958120589,33.71204079761899,33.72077644360827,33.72951386484914,33.73825177610328,33.7469898748156,33.7557283716311,33.76446747985919,33.77320691008666,33.781945415310105,33.790680426128176,33.799407805384014,33.80812173925994,33.81681476825311,33.82547794954176,33.834101132032536,33.84267331796988,33.851183080186594,33.85961900314543,33.86797011710276,33.876226299156045,33.88437861817627,33.89241960774008,33.90034345571612,33.908146104212754,33.91582525829547,33.92338030707206,33.93081216545368,33.93812304591866,33.945316176742665,33.95239548125847,33.95936523778042,33.96622973695108,33.97299295838803,33.97965828336244,33.98622825861853,33.99270442387008,33.999087211228044,34.00537592031323,34.01156876797835,34.01766300732464,34.023655106166615,34.029540972011816,34.03531620839726,34.0409763856191,34.04651730950576,34.05193527210409,34.05722727059442,34.06239118353796,34.06742589651097,34.07233137292119,34.07710866960444,34.081759900162595,34.08628815209377,34.09069736478807,34.094992183032524,34.099177791902875,34.10325974613663,34.107243804761914,34.11113578095108,34.11494141537923,34.11866627923341,34.12231571246667,34.12589479121509,34.129408334135675,34.132860938124004,34.13625703984147,34.13960099634309,34.142897177499606,34.14615006243853,34.1493643326162,34.15254495473673,34.15569724783623,34.15882693004901,34.161940142134775,34.165043446350246,34.16814380080178,34.17124851084984,34.174365160458066,34.1775015273851,34.18066548682084,34.1838649086055,34.187107553013064,34.190400970058214,34.19375240655273,34.19716872451827,34.20065633351683,34.204221138629784,34.207868504703065,34.211603236623425,34.21542957449864,34.219351201880464,34.22337126466877,34.22749239803194,34.23171675854199,34.236046058793676,34.24048160195522,34.24502431415509,34.24967477311145,34.25443323170586,34.25929963591426,34.264273637089936,34.269354598930356,34.27454159982439,34.279833431738645,34.28522859675168,34.29072530267279,34.296321458878175,34.302014673520105,34.30780225305525,34.31368120472909,34.31964824227303,34.32569979494174,34.33183201958131,34.33804081526995,34.34432183982467,34.35067052735587,34.35708210602767,34.363551615109905,34.37007392062499,34.37664372887225,34.38325559743297,34.38990394333457,34.39658304836017,34.403287061662546,34.41001000001667,34.41674574621156,34.42348804622973,34.43023050587777,34.436966587614954,34.443689608237825,34.45039273806933,34.457069002183495,34.463711284044884,34.47031233183895,34.476864767593355,34.48336109907108,34.48979373426709,34.496154998228505,34.50243715192152,34.508632412701445,34.51473297602177,34.52073103803084,34.526618818704236,34.5323885852519,34.53803267560883,34.543543521901704,34.548913673849604,34.55413582216284,34.559202821951914,34.564107716340175,34.56884376034891,34.57340444513061,34.577783522656574,34.58197503085847,34.58597331907736,34.589773073690736,34.59336934366905,34.59675756571431,34.59993358855577,34.60289369596481,34.605634627999805,34.60815359998444,34.61044831874909,34.61251699572765,34.61435835659335,34.6159716471488,34.617356635356,34.618513609487515,34.619443372486074,34.620147232782344,34.62062699188437,34.620884929165136,34.62092378436665,34.620746738324385,34.62035739255077,34.619759748124665,34.61895818458943,34.61795743916107,34.61676258674188,34.615379021083925,34.613812437296254,34.61206881577273,34.61015440768558,34.60807572187109,34.60583951298054,34.603452770750145,34.60092271007702,34.598256761629145,34.59546256270592,34.59254794807818,34.589520940451465,34.586389740436836,34.58316271580358,34.57984838982695,34.57645542867553,34.57299262788641,34.56946889780198,34.565893248144306,34.56227477173652,34.55862262752651,34.55494602298905,34.55125419610375,34.54755639693514,34.543861868936766,34.540179830122774,34.53651945410167,34.53288985099663,34.529300048302964,34.52575897167967,34.52227542560593,34.5188580739409,34.515515420271456,34.51225578813201,34.509087300997415,34.50601786210578,34.50305513410806,34.500206518644106,34.49747913589313,34.49487980425009,34.49241502021889,34.49009093869458,34.487913353841385,34.48588768074248,34.48401893798943,34.48231173139378,34.480770239056284,34.47939819788177,34.47819889173741,34.47717514134174,34.47632929597688,34.475663227030616,34.47517832349405,34.4748754892353,34.47475514216633,34.4748172150899,34.47506115822334,34.475485943236926,34.47609006867135,34.476871566581266,34.47782801028558,34.478956523051146,34.48025378757271,34.48171605612063,34.48333916122483,34.485118526790544,34.48704917956395,34.48912576086129,34.49134253850754,34.49369341895854,34.49617195957191,34.498771381017974,34.50148457983084,34.5043041411279,34.50722235151028,34.5102312121604,34.51332245219239,34.516487542278476,34.51971770859885,34.52300394712538,34.5263370383,34.52970756213465,34.53310591375258,34.53652231939362,34.539946852913566,34.543369452797535,34.54677993966197,34.5501680343061,34.553523376260635,34.55683554285529,34.560094068777055,34.563288466105114,34.56640824479162,34.569442933551734,34.572382101138466,34.575215377906964,34.57793247768389,34.58052321980802,34.582977551330664,34.5852855692078,34.58743754252065,34.589423934561665,34.59123542471449,34.59286293002461,34.59429762637842,34.59553096920727,34.59655471357885,34.597360933656894,34.59794204136622,34.598290804214386,34.59840036220482,34.598264243745604,34.5978763805596,34.5972311214222,34.596323244779306,34.59514797014988,34.59370096835617,34.59197837046366,34.58997677553057,34.587693257112875,34.58512536844853,34.58227114651359,34.579129114824894,34.57569828509088,34.57197815765699,34.5679687209371,34.56367044967578,34.5590843022436,34.55421171689195,34.54905460710327,34.54361535599424,34.537896809877005,34.531902270955165,34.5256354892278,34.519100653596894,34.51230238222726,34.50524571216744,34.49793608822377,34.490379351127,34.482581724963424,34.4745498038762,34.46629053804751,34.45781121891306,34.44911946364588,34.44022319885642,34.43113064350459,34.42185029104005,34.41239089072455,34.40276142816294,34.39297110501805,34.38302931793267,34.37294563666756,34.36272978148011,34.35239159976684,34.34194104202656,34.33138813716844,34.320742967254745,34.3100156417207,34.299216271170884,34.2883549408344,34.27744168376966,34.2664864539349,34.25549909922276,34.24448933458448,34.233466715364735,34.22244061096112,34.21142017894201,34.20041433974252,34.189431752060386,34.17848078907459,34.16756951559752,34.15670566627972,34.145896624960976,34.135149405273545,34.124470632578934,34.113866527321626,34.10334288985331,34.092905086805956,34.08255803903246,34.07230621117078,34.062153602831025,34.05210374144809,34.04215967676026,34.03232397696004,34.02259872644458,34.01298552520419,34.00348548974906,33.99409925559281,33.984826981240765,33.9756683536135,33.96662259488986,33.957688470681155,33.948864299522015,33.94014796358682,33.931536920615166,33.92302821696815,33.914618501787956,33.906304042183365,33.89808073943105,33.88994414612073,33.88188948423564,33.873911664087466,33.86600530410924,33.858164751448115,33.85038410332436,33.84265722913604,33.834977793272984,33.82733927860244,33.81973501057757,33.812158181964264,33.80460187812424,33.797059102806486,33.789522804425026,33.781985902753966,33.774441315968964,33.76688198801325,33.75930091617901,33.75169117885076,33.74404596333631,33.736358593669486,33.72862255832382,33.720831537706246,33.71297943133583,33.705060384625966,33.69706881510513,33.68899943798094,33.680847290934636,33.67260775800603,33.664276592443564,33.65584993841057,33.647324351403746,33.63869681727842,33.62996476976615,33.621126106355675,33.61217920244124,33.60312292365988,33.593956636309684,33.58468021576327,33.57529405282924,33.565799058017426,33.55619666360896,33.54648882361261,33.53667801144912,33.52676721548788,33.51675993236741,33.50666015818962,33.49647237758206,33.48620155072276,33.4758530983693,33.46543288496204,33.454947200007666,33.444402737663616,33.43380657479657,33.42316614754048,33.41248922656152,33.401783891058365,33.391058501800096,33.380321673170506,33.369582244467665,33.358849250609516,33.34813189233032,33.33743950605569,33.32678153360414,33.31616749181322,33.30560694229419,33.29510946134485,33.284684610219664,33.27434190582954,33.26409079200083,33.253940611402896,33.24390057820985,33.23397975155856,33.22418700999336,33.21453102680429,33.20502024645156,33.1956628621191,33.18646679438049,33.1774396710399,33.16858880821091,33.159921192716574,33.15144346564867,33.14316190734126,33.13508242360249,33.127210533260296,33.1195513570312,33.11210960773688,33.10488958184492,33.09789515227821,33.09112976252221,33.08459642204894,33.07829770294656,33.07223573782251,33.06641221892736,33.06082839841116,33.05548508975444,33.05038267032921,33.04552108502212,33.04089985091102,33.0365180629385,33.032374400578576,33.02846713539711,33.024794139529995,33.021352894986045,33.01814050375927,33.0151536987133,33.012388855187815,33.00984200326862,33.00750884072311,33.00538474653071,33.003464794977674,33.001743770278466,33.00021618167978,32.99887627903572,32.9977180687605,32.99673533018907,32.995921632279845,32.9952703506137,32.99477468466394,32.99442767533399,32.994222222682275,32.99415110382617,32.99420699099057,32.994382469665645,32.994670056819935,32.99506221915123,32.995551391336605,32.99612999422468,32.99679045294313,32.9975252148802,32.998326767498085,32.99918765593033,33.000100500313096,33.00105801282041,33.00205301435243,33.003078450804935,33.00412740892068,33.005193131622946,33.00626903282483,33.00734871164403,33.00842596598941,33.009494805477345,33.01054946362955,33.011584409306465,33.01259435735405,33.01357427842048,33.01451940792995,33.0154252541533,33.01628760537042,33.01710253611465,33.017866412467576,33.01857589638942,33.01922794910852,33.019819833519755,33.02034911563489,33.02081366506833,33.02121165457095,33.021541558632556,33.02180215116369,33.02199250227574,33.022111974185584,33.02216021626692,33.02213715927424,33.02204300877353,33.02187823780078,33.021643578796116,33.02134001481974,33.020968770098996,33.02053129993765,33.02002928002199,33.019464595130806,33.01883932730755,33.01815574351254,33.01741628278789,33.01662354294493,33.0157802668443,33.01488932825589,33.01395371734107,33.01297652580147,33.011960931699456,33.01091018400008,33.009827586872376,33.00871648376817,33.00758024132958,33.00642223318577,33.00524582363761,33.00405435134154,33.00285111300337,33.00163934716631,33.00042221813244,32.99920280009406,32.997984061575494,32.996768850222935,32.99555987803465,32.994359707104586,32.99317073598061,32.99199518669468,32.99083509256041,32.98969228681307,32.98856839219038,32.98746481150932,32.986382719300934,32.98532305459059,32.98428651485039,32.98327355122735,32.982284365021414,32.981318905481736,32.98037686895412,32.979457699329046,32.978560589879585,32.977684486374336,32.97682809155785,32.97598987081874,32.97516805915034,32.97436066924833,32.973565500703955,32.972780150244645,32.97200202293335,32.97122834420112,32.970456172703095,32.96968241384318,32.96890383388827,32.96811707460567,32.967318668304685,32.966505053188,32.96567258895123,32.964817572519415,32.963936253867,32.96302485182878,32.962079569840355,32.961096611552755,32.96007219625587,32.95900257407093,32.957884040864336,32.956712952846985,32.9554857408216,32.95419892405828,32.95284912376923,32.95143307616513,32.94994764507342,32.94838983410059,32.94675679833671,32.94504585558427,32.94325449709757,32.941380397824,32.93942142614029,32.93737565306444,32.93524136094176,32.93301705157943,32.93070145383209,32.92829353060893,32.925792485298395,32.92319776758476,32.92050907864137,32.91772637569488,32.91484987592479,32.911880059682716,32.908817673041995,32.905663729612506,32.90241951163517,32.89908657032886,32.8956667254967,32.89216206434408,32.88857493950689,32.88490796630328,32.88116401916361,32.87734622727436,32.87345796940272,32.869502867916154,32.865484782006774,32.86140780009612,32.85727623146876,32.85309459714641,32.84886761999674,32.84460021411999,32.84029747353081,32.83596466017459,32.83160719130692,32.82723062627058,32.82284065272499,32.81844307235988,32.81404378615149,32.80964877920935,32.805264105265,32.80089587086288,32.796550219311754,32.792233314457036,32.7879513243319,32.78371040475168,32.77951668290787,32.775376241027494,32.771295101795786,32.767279207343776,32.76333440620478,32.759466439156505,32.75568092435715,32.75198334213556,32.74837902035557,32.744873120416514,32.74147062432848,32.7381763226048,32.73499480063587,32.73193042718614,32.728987343843976,32.72616945539909,32.72348042106064,32.72092364633341,32.71850227554829,32.716219185015625,32.71407697688618,32.71207797380502,32.71022421443038,32.70851744990718,32.706959141305795,32.70555045804886,32.704292277375835,32.70318518474175,32.70222947519261,32.70142515566727,32.70077194820987,32.70026929410277,32.69991635888389,32.69971203829019,32.6996549650986,32.699743516910814,32.69997582479822,32.70034978287216,32.70086305873038,32.70151310475294,32.70229717023417,32.70321231428663,32.704255419520365,32.70542320644223,32.70671224851588,32.70811898785926,32.709639751528314,32.71127076833529,32.71300818612791,32.71484808949042,32.71678652222031,32.71881949647714,32.72094301563268,32.72315309355202,32.72544577333929,32.727817146470336,32.730263371168405,32.73278069062517,32.735365450769166,32.73801411778207,32.740723295134224,32.74348974007576,32.74631038012753,32.7491823282442,32.75210289763264,32.75506961550545,32.75808023570761,32.761132750271706,32.76422540040942,32.767356685817326,32.77052537269639,32.77373050115074,32.776971390802174,32.780247645470006,32.783559156364255,32.786906104070646,32.7902889591381,32.793708481258236,32.797165717143315,32.80066199724327,32.804198931207935,32.807778401609674,32.81140255730315,32.81507380483479,32.81879479934535,32.822568434005774,32.826397828408645,32.83028632168238,32.83423744738609,32.83825492610017,32.84234265066517,32.84650467094947,32.85074517796038,32.8550684872553,32.8594790217515,32.86398129398325,32.86857988799819,32.87327944106389,32.87808462535005,32.88300012287489,32.88803062270998,32.893180794021916,32.89845526818955,32.903858620776326,32.90939535342636,32.91506987653724,32.92088649228842,32.92684937805658,32.93296257025686,32.93922994879397,32.94565522137477,32.952241908806734,32.95899333033917,32.965912589570145,32.97300256111642,32.98026587792673,32.98770491909332,32.995321798804326,33.00311835550479,33.01109614280583,33.01925642000904,33.027600143877066,33.036127961067265,33.044840201730906,33.053736873356094,33.06281765555523,33.07208189597846,33.081528607137614,33.09115646378391,33.10096380118886,33.11094861483185,33.12110856025481,33.13144095436545,33.14194277737553,33.15261067565611,33.16344096590603,33.17442963976078,33.185572369727026,33.19686451555595,33.20830113198533,33.21987697705812,33.23158652130729,33.24342395790113,33.2553832135003,33.26745795993321,33.27964162634744,33.29192741233608,33.304308301463486,33.31677707547249,33.3293263291865,33.34194848589067,33.35463581278159,33.367380437388846,33.380174363795525,33.3930094896914,33.40587762309213,33.418770499753066,33.43167980044492,33.44459716833208,33.457514226273645,33.47042259433337,33.4833139070351,33.49617983055633,33.50901207972578,33.521802434789485,33.53454275788616,33.54722500943666,33.559841264035605,33.57238372599558,33.584844744615026,33.59721682900115,33.60949266224639,33.62166511561216,33.63372726187301,33.6456723881681,33.65749400861104,33.66918587609445,33.680741993673486,33.69215662529778,33.70342430629516,33.71453985263246,33.725498370170335,33.736295262922255,33.746926240908216,33.75738732714763,33.767674864081876,33.77778551936063,33.78771629074785,33.797464510525444,33.80702784900867,33.8164043172989,33.825592269388046,33.834590403575284,33.84339776277804,33.85201373425438,33.860438048566536,33.868670778027706,33.87671233356429,33.88456346143273,33.892225238834186,33.89969906888639,33.906986675001086,33.91409009404342,33.92101166903463,33.92775404112848,33.93432014073172,33.940713178095706,33.9469366330999,33.95299424447196,33.95888999846769,33.96462811675841,33.970213044156424,33.975649435483234,33.98094214233859,33.98609619928193,33.99111680972004,33.99600933151301,34.00077926230727,34.00543222478031,34.00997395151436,34.01441026987954,34.01874708684196,34.02299037379114,34.027146151247685,34.03122047378465,34.03521941497795,34.03914905248442,34.043015453338434,34.046824659458395,34.050582673367124,34.05429544423278,34.05796885423054,34.06160870517911,34.065220705615296,34.06881045821694,34.07238344766044,34.07594502884393,34.07950041568249,34.08305467026052,34.08661269254593,34.09017921050854,34.09375877090969,34.09735573048193,34.100974247688825,34.10461827506192,34.10829155209606,34.11199759868689,34.115739709186656,34.11952094704172,34.1233441399921,34.12721187588721,34.13112649915357,34.1350901078428,34.13910455135611,34.143171428522194,34.14729208657112,34.15146762053626,34.155698873459194,34.159986437031485,34.164330652936926,34.16873161460547,34.173189169652105,34.17770292291272,34.182272239955694,34.186896251140766,34.19157385630652,34.19630372979015,