51.37428746025881,51.37428746025881,51.37428746025881,51.37428746025881,51.37428746025881,51.37428746025881,51.37428746025881,51.37428746025881,51.37428746025881,51.37428746025881,51.37428746025881,51.37428746025881,51.37428746061168,51.374287461599394,51.374287463577836,51.374287466888106,51.37428747174309,51.37428747809595,51.3742874855231,51.374287493171124,51.374287499822316,51.37428750412218,51.37428750499179,51.37428750221523,51.374287497153574,51.37428749350499,51.37428749799919,51.374287520909256,51.37428757626932,51.37428768171108,51.37428785778566,51.37428812674012,51.37428851076078,51.3742890297293,51.37428969855688,51.374290524291155,51.3742915029507,51.37429261647557,51.37429382974458,51.37429508793675,51.37429631433394,51.37429740856709,51.37429824547261,51.3742986745103,51.37429851952064,51.37429757893772,51.3742956261761,51.37429240993178,51.37428765439476,51.37428105939064,51.37427230006421,51.374261025953935,51.37424685956672,51.37422939457505,51.37420819311868,51.374182783174675,51.37415265520414,51.37411725865354,51.374075998856526,51.37402823341873,51.37397326947607,51.3739103609714,51.37383870741104,51.373757453039644,51.37366568705734,51.373562445944735,51.373446716022556,51.37331743784489,51.373173511421854,51.37301380234911,51.372837148358116,51.37264236641369,51.3724282600115,51.37219362573536,51.37193725976599,51.37165796343087,51.371354548228766,51.37102584068112,51.37067068621269,51.37028795247778,51.36987653335866,51.369435350865984,51.368963358129804,51.3684595412926,51.36792292227231,51.36735256049106,51.36674755595472,51.36610705159225,51.365430236231106,51.36471634784905,51.363964676676794,51.36317456834588,51.36234542716676,51.36147671871903,51.36056797134127,51.359618776541986,51.35862878857497,51.357597723324645,51.35652535655243,51.35541152190516,51.3542561081699,51.353059056946016,51.35182035975269,51.350540054607976,51.349218221845376,51.34785498109676,51.34645048678347,51.3450049228588,51.34351849940499,51.341991447637476,51.34042401556182,51.338816464272895,51.337169064661246,51.335482094622286,51.33375583626438,51.33199057357177,51.33018658903392,51.32834416011158,51.32646355714526,51.324545040148884,51.322588858614225,51.32059525118655,51.31856444729194,51.31649666929089,51.314392135641604,51.312251063891644,51.31007367377226,51.30786018867864,51.30561083801397,51.30332585780272,51.301005490392384,51.29864998376324,51.29625959047368,51.29383456656811,51.29137517099886,51.28888166469487,51.28635431024317,51.28379336935755,51.28119910157937,51.27857176220514,51.27591159963822,51.27321886137408,51.270493791819014,51.26773663641504,51.26494764692386,51.26212708782847,51.25927524329557,51.25639242400741,51.25347897334821,51.25053527236123,51.247561743180086,51.24455885076079,51.24152710289985,51.2384670490613,51.23537927859154,51.23226441843642,51.229123130427936,51.22595610791761,51.22276407104718,51.21954776096577,51.2163079337564,51.21304535494194,51.20976079536996,51.20645502903127,51.203128833042975,51.199782989719466,51.19641829028251,51.19303553962241,51.189635561347075,51.18621920238827,51.1827873365045,51.179340866173504,51.17588072263149,51.17240786391943,51.16892327134964,51.16542794518279,51.16192289966857,51.158409157439195,51.154887743222076,51.15135967618972,51.14782596081588,51.14428757694968,51.140745470009115,51.13720054235122,51.133653646629085,51.130105581742725,51.126557091599096,51.12300886653034,51.11946154695734,51.115915728571764,51.11237196834216,51.10883079048188,51.10529269177168,51.10175814566892,51.098227604956755,51.09470150292388,51.09118025384178,51.087664252931575,51.084153875797476,51.080649477164215,51.077151388657406,51.07365991504963,51.07017532934622,51.06669786743169,51.063227723221274,51.05976504512026,51.056309934578415,51.052862447044944,51.04942259537166,51.045990355472725,51.04256567366183,51.039148474976066,51.03573867179876,51.032336171972794,51.02894088589038,51.02555273207918,51.02217164104182,51.0187975578228,51.01543044370595,51.012070276990336,51.00871705275117,51.00537078140319,51.00203148576318,50.998699196503075,50.995373946560775,50.99205576508982,50.98874467176675,50.98544067219804,50.98214375487816,50.97885388996305,50.97557102990284,50.97229511173415,50.96902606061667,50.965763794120186,50.96250822669762,50.95925927384723,50.95601685551506,50.95278089845208,50.94955133747431,50.946328116111836,50.94311118667759,50.93990050962012,50.93669605198998,50.933497784880885,50.93030567976951,50.92711970386369,50.92393981478384,50.92076595497114,50.91759804629196,50.91443598523912,50.91127963905984,50.90812884303839,50.904983399033114,50.90184307526089,50.89870760720604,50.89557669942934,50.892450027998436,50.8893272432701,50.886207972807405,50.883091824257065,50.8799783882843,50.876867241633455,50.873757950080424,50.87065007095393,50.86754315505288,50.86443674788986,50.86133039004384,50.858223616513385,50.85511595518768,50.852006924688304,50.848896031951,50.84578277007469,50.842666616783454,50.83954703402051,50.83642346887558,50.83329535589598,50.830162120713204,50.827023184666224,50.823877970227066,50.82072590710357,50.8175664383822,50.81439902599674,50.81122315523246,50.808038337823376,50.80484411369031,50.80164005125273,50.79842574669952,50.79520082274782,50.79196492713501,50.78871773095625,50.78545892693318,50.7821882276832,50.77890536403951,50.77561008359017,50.772302149547635,50.76898134010325,50.765647448350535,50.762300282766084,50.75893966834226,50.75556544821214,50.7521774859121,50.748775668090346,50.74535990739147,50.741930145395685,50.73848635538238,50.73502854501456,50.73155675883819,50.72807108107265,50.72457163848423,50.72105860266104,50.71753219123467,50.713992667225845,50.710440336513855,50.706875543461614,50.70329866508279,50.69971010434287,50.69611028309385,50.69249963524054,50.68887860112936,50.68524762363095,50.681607146737605,50.677957617614375,50.67429949159598,50.670633239014165,50.66695935226659,50.66327835171221,50.65959078955462,50.65589725145696,50.65219835617567,50.64849475382603,50.644787123448914,50.64107617066641,50.63736262596984,50.63364724406919,50.62993080441547,50.62621411282252,50.62249800384536,50.618783343536535,50.61507103204549,50.611362005538865,50.607657237148345,50.6039577366445,50.6002645487622,50.59657875031398,50.592901446077846,50.5892337633357,50.58557684555583,50.581931845772836,50.578299920539614,50.574682224934946,50.57107990894874,50.567494115296725,50.56392597857875,50.56037662541263,50.55684717515902,50.553338740928176,50.54985243049045,50.54638934692084,50.54295058811213,50.53953724495854,50.5361503987255,50.532791118454824,50.52946045927398,50.52615946204375,50.52288915468237,50.51965055500048,50.516444674517196,50.51327252279235,50.51013511151255,50.50703345761898,50.503968584975716,50.500941524392054,50.49795331167054,50.495004983864085,50.49209757418027,50.489232105738736,50.48640958490836,50.48363099455466,50.48089728763805,50.4782093816703,50.47556815400659,50.47297443839586,50.47042902245781,50.467932646148995,50.46548600103281,50.46308973031501,50.46074442925046,50.45845064601147,50.45620888275539,50.45401959679923,50.45188320175822,50.44980006866939,50.447770527048554,50.445794865745086,50.44387333339182,50.44200613885557,50.4401934512153,50.43843539948482,50.436732071923124,50.435083515049534,50.43348973254146,50.431950683651394,50.43046628153204,50.42903639144998,50.42766082903063,50.426339358316746,50.42507169009752,50.42385748035889,50.42269632895736,50.42158777847145,50.42053131369872,50.419526361388925,50.41857229030027,50.417668411979186,50.416813981979864,50.41600820132735,50.415250219122115,50.41453913488333,50.41387400169428,50.41325382969558,50.41267758996312,50.4121442183421,50.411652619524475,50.41120167117899,50.410790228161574,50.410417126291705,50.410081186332924,50.40978121725366,50.409516019651534,50.40928438865878,50.40908511637267,50.40891699420464,50.408778814875944,50.40866937393335,50.408587471773906,50.40853191485809,50.40850151673428,50.408495099268286,50.408511493884156,50.40854954210512,50.40860809729358,50.40868602520893,50.40878220544879,50.408895532342314,50.409024916224354,50.409169284240996,50.409327581641065,50.40949877260127,50.409681841376404,50.40987579314148,50.41007965479776,50.410292476136156,50.41051333009052,50.410741313492544,50.41097554772448,50.4112151790256,50.411459379518334,50.41170734720628,50.411958306778736,50.41221150976975,50.41246623517729,50.41272178982863,50.41297750907195,50.41323275710383,50.41348692766676,50.41373944455517,50.413989762012676,50.41423736534462,50.414481771370866,50.414722529033526,50.41495921965638,50.415191457453645,50.41541888970479,50.41564119711881,50.415858093889995,50.416069327864896,50.41627468063084,50.4164739674848,50.41666703734635,50.41685377268086,50.41703408933686,50.417207936319556,50.41737529567192,50.41753618210696,50.41769064287675,50.4178387574804,50.41798063728577,50.41811642526065,50.41824629557587,50.41837045323006,50.418489133691075,50.41860260239881,50.418711154237826,50.41881511304901,50.41891483092555,50.41901068751624,50.41910308929274,50.419192468638954,50.41927928289459,50.41936401326166,50.419447163728485,50.419529259735526,50.41961084687968,50.41969248953356,50.41977476929203,50.41985828346024,50.419943643381295,50.42003147268701,50.42012240573915,50.420217085879266,50.42031616347711,50.42042029446767,50.42053013853248,50.42064635740731,50.4207696132677,50.420900567172424,50.42103987743813,50.42118819848821,50.42134617902097,50.4215144609612,50.42169367803148,50.4218844547222,50.42208740497385,50.42230313110119,50.42253222275308,50.42277525570424,50.42303279117845,50.42330537461742,50.42359353488182,50.42389778305794,50.424218611677006,50.42455649382545,50.424911882246555,50.425285208151244,50.425676880493874,50.42608728490736,50.42651678291608,50.42696571086753,50.42743437914126,50.427923071119224,50.428432042345165,50.428961519747,50.42951170078114,50.430082752616784,50.43067481154376,50.43128798218218,50.431922336867885,50.43257791511789,50.43325472315345,50.43395273353903,50.43467188478309,50.435412081127595,50.43617319234587,50.436955053696074,50.43775746589179,50.438580195214456,50.43942297367683,50.44028549925314,50.44116743614584,50.44206841519829,50.442988034277725,50.44392585888996,50.44488142269266,50.44585422815463,50.446843747294885,50.44784942244344,50.44887066709421,50.44990686678005,50.45095738003989,50.45202153933726,50.45309865204572,50.45418800145258,50.45528884782367,50.45640042943583,50.45752196352533,50.4586526474583,50.459791659682736,50.46093816088708,50.46209129499861,50.463250190361684,50.464413960816174,50.46558170689479,50.46675251681411,50.46792546773502,50.469099626847175,50.47027405259159,50.47144779564442,50.472619900108484,50.47378940463188,50.47495534360687,50.47611674813683,50.477272647110254,50.478422068338,50.47956403958373,50.48069758954501,50.481821748898994,50.48293555116999,50.48403803387782,50.485128239268434,50.48620521519293,50.48726801608217,50.48831570375936,50.48934734803474,50.49036202776772,50.49135883140459,50.492336857779286,50.49329521678285,50.49423303009667,50.49514943193899,50.49604356954842,50.49691460400744,50.497761710915064,50.49858408090638,50.49938092042576,50.50015145254574,50.50089491744042,50.50161057313002,50.50229769632445,50.5029555829783,50.50358354909684,50.50418093147907,50.50474708853829,50.50528140096477,50.5057832725644,50.506252130917936,50.50668742821643,50.50708864192085,50.50745527554945,50.507786859333606,50.50808295086878,50.508343135752575,50.50856702819358,50.50875427159295,50.5089045389585,50.50901753336984,50.509092988403616,50.509130668437855,50.50913036883786,50.50909191614538,50.50901516818254,50.508900014086564,50.50874637437782,50.50855420097865,50.50832347710992,50.50805421706464,50.50774646601297,50.50740029965543,50.50701582377852,50.50659317364935,50.506132513497505,50.505634035977565,50.50509796144018,50.50452453729976,50.50391403733923,50.50326676114544,50.50258303322848,50.50186320236861,50.50110764097871,50.50031674415356,50.49949092893726,50.498630633545474,50.49773631640327,50.49680845536078,50.49584754683931,50.49485410499086,50.493828660806905,50.492771761186184,50.491683968134424,50.49056585792454,50.48941802021369,50.48824105723469,50.48703558282909,50.48580222160715,50.48454160823014,50.48325438643655,50.48194120820851,50.480602733051825,50.479239626907685,50.47785256153419,50.476442213611534,50.47500926376487,50.47355439579445,50.472078295920255,50.47058165179612,50.469065151803285,50.467529484025135,50.46597533554748,50.4644033913996,50.4628143337982,50.46120884123721,50.45958758746259,50.45795124063466,50.456300462500145,50.454635907234014,50.45295822072555,50.451268039366184,50.449565989342815,50.44785268544069,50.446128730231365,50.44439471299137,50.442651208825254,50.440898777614514,50.43913796304214,50.437369291644224,50.435593271863326,50.433810393117184,50.432021124877465,50.4302259157123,50.42842519257904,50.42661935987203,50.424808798620624,50.422993865689115,50.42117489311444,50.41935218744242,50.41752602904872,50.415696671554834,50.41386434137049,50.41202923722108,50.41019152974669,50.40835136117672,50.406508845045536,50.40466406606237,50.40281707994046,50.40096791339091,50.399116564196085,50.39726300124535,50.39540716480598,50.393548966791,50.39168829101869,50.389824993721724,50.387958903934496,50.38608982410116,50.38421753059046,50.38234177452123,50.38046228239693,50.378578756991104,50.37669087820242,50.3747983040262,50.37290067152012,50.37099759783597,50.3690886812896,50.36717350243478,50.36525162518923,50.3633225980038,50.3613859549976,50.35944121703603,50.35748789306246,50.35552548108624,50.35355346944454,50.35157133794496,50.34957855899614,50.347574598831834,50.34555891854308,50.343530975383466,50.341490223681106,50.33943611614307,50.33736810474465,50.335285641952204,50.333188181625665,50.331075180083815,50.328946097117424,50.32680039694787,50.32463754911776,50.32245702941539,50.3202583208062,50.318040914394615,50.31580431011577,50.31354801757182,50.31127155679779,50.30897445917787,50.3066562680344,50.30431653930586,50.30195484227461,50.29957076023572,50.2971638911235,50.29473384803843,50.29228025994891,50.289802772301776,50.287301047418424,50.284774765161934,50.28222362337173,50.27964733840626,50.277045645626266,50.27441829982118,50.27176507574848,50.26908576853833,50.266380194054754,50.26364818930144,50.26088961286532,50.258104345184854,50.25529228886743,50.252453369041866,50.24958753353751,50.24669475324201,50.24377502221581,50.24082835783705,50.237854800953144,50.23485441598233,50.23182729096638,50.22877353754233,50.22569329092574,50.22258670984491,50.21945397636941,50.216295295805985,50.213110896464016,50.2099010294037,50.2066659681095,50.20340600824819,50.20012146718316,50.19681268360693,50.19348001699831,50.19012384717802,50.186744573644646,50.18334261500964,50.179918408317725,50.1764724083846,50.17300508701327,50.169516932227786,50.16600844751619,50.16248015094807,50.15893257436032,50.15536626245305,50.15178177190542,50.14817967044721,50.1445605359264,50.14092495535979,50.137273523983055,50.133606844260946,50.12992552491632,50.126230179942056,50.12252142761642,50.11879988951208,50.11506618951294,50.111320952828585,50.10756480502518,50.10379837105204,50.10002227429192,50.09623713560927,50.09244357242623,50.088642197803736,50.08483361954794,50.08101843931314,50.07719725176088,50.07337064371693,50.06953919337301,50.06570346948764,50.061864030662385,50.05802142462305,50.05417618752509,50.05032884331554,50.046479903125125,50.04262986469311,50.038779211843455,50.0349284139928,50.03107792568244,50.02722818615855,50.02337961901305,50.0195326318164,50.01568761585386,50.01184494583533,50.00800497968441,50.004168058339374,50.00033450558496,49.99650462797132,49.9926787147196,49.98885703767444,49.985039851288036,49.981227392640534,49.97741988148534,49.97361752032948,49.969820494590884,49.96602897270015,49.962243106291545,49.958463030376464,49.95468886359264,49.95092070848077,49.947158651701756,49.94340276441472,49.93965310255757,49.935909707189296,49.932172604878076,49.9284418081139,49.924717315675196,49.92099911307565,49.91728717299133,49.913581455716006,49.90988190962603,49.90618847166904,49.90250106785099,49.898819613752885,49.895144015035356,49.89147416796505,49.88780995995155,49.8841512700815,49.88049796968512,49.8768499228923,49.87320698718912,49.86956901395444,49.865935849059795,49.86230733338845,49.85868330340407,49.85506359166723,49.85144802737721,49.84783643692808,49.844228644417164,49.84062447218028,49.83702374130311,49.833426272137274,49.8298318848315,49.82624039982982,49.82265163838566,49.81906542302161,49.81548157809476,49.811899930225415,49.808320308745394,49.80474254622255,49.801166478868375,49.79759194699522,49.79401879540711,49.7904468738594,49.78687603741333,49.78330614686459,49.77973706910773,49.776168677385684,49.7726008518413,49.7690334797516,49.765466455779745,49.76189968235444,49.7583330699885,49.75476653743993,49.75120001214377,49.74763343023671,49.74406673698003,49.74049988692146,49.73693284401438,49.733365581892095,49.729798083942214,49.72623034335824,49.72266236345905,49.719094157706586,49.71552574967791,49.71195717335874,49.70838847284693,49.70481970261189,49.7012509275279,49.69768222268411,49.69411367351783,49.69054537551884,49.68697743431492,49.68340996548884,49.679843094570344,49.67627695673399,49.67271169670295,49.66914746845114,49.66558443512254,49.662022768736875,49.65846265007085,49.65490426807553,49.6513478198899,49.647793510499525,49.644241552261086,49.64069216479461,49.637145574480066,49.63360201421773,49.6300617228613,49.62652494507861,49.62299193086222,49.61946293511151,49.61593821731748,49.61241804118225,49.60890267415023,49.60539238706825,49.60188745371582,49.5983881503831,49.59489475547879,49.59140754907062,49.587926812435356,49.58445282766128,49.58098587723644,49.577526243643014,49.57407420895568,49.570630054490906,49.56719406036591,49.563766505201045,49.56034766573057,49.55693781645505,49.55353722927008,49.550146173123494,49.54676491370426,49.54339371303915,49.540032829233716,49.536682516077484,49.533343022727486,49.53001459344416,49.52669746720753,49.52339187746271,49.520098051803686,49.51681621167605,49.51354657209449,49.51028934136343,49.507044720756184,49.50381290429566,49.50059407846625,49.49738842188296,49.49419610504381,49.49101729003408,49.4878521302459,49.48470077010168,49.48156334472913,49.478439979687856,49.47533079067959,49.472235883229445,49.4691553523806,49.466089282406756,49.463037746474605,49.46000080632452,49.45697851194927,49.45397090125785,49.450977999748744,49.44799982016471,49.44503636215737,49.44208761194587,49.439153541971436,49.43623411055903,49.433329261581186,49.43043892411116,49.42756301210315,49.4247014240497,49.421854042684274,49.419020734647326,49.416201350214536,49.41339572299923,49.41060366968273,49.407824989759085,49.40505946530073,49.402306860743764,49.399566922690546,49.396839379739795,49.39412394233442,49.39142030265354,49.38872813450394,49.386047093271934,49.3833768158463,49.38071692066628,49.3780670077123,49.375426658558396,49.37279543646469,49.370172886504115,49.36755853569947,49.36495189329625,49.36235245091493,49.35975968285314,49.3571730464266,49.35459198232466,49.35201591501238,49.34944425317317,49.346876390211094,49.34431170475126,49.3417495612165,49.33918931039439,49.33663029008267,49.33407182573062,49.33151323114598,49.3289538092206,49.326392852686894,49.32382964491104,49.32126346072218,49.31869356726436,49.316119224882115,49.31353968803256,49.31095420621254,49.308362024917955,49.305762386636495,49.30315453182179,49.300537699930786,49.297911130474894,49.29527406401943,49.292625743297606,49.28996541423931,49.28729232703057,49.28460573723494,49.28190490688994,49.27918910552398,49.27645761130924,49.27370971211193,49.27094470657017,49.268161905126455,49.265360631114206,49.26254022182674,49.25970002948724,49.256839422269856,49.25395778529574,49.25105452161934,49.24812905308987,49.24518082135084,49.24220928865768,49.23921393881029,49.23619427791014,49.23314983523775,49.23008016388631,49.22698484163983,49.223863471559646,49.22071568258626,49.217541130295366,49.21433949730917,49.2111104938732,49.207853858396376,49.20456935775351,49.201256787809946,49.197915973633556,49.194546769862264,49.19114906084531,49.1877227608884,49.18426781432293,49.18078419560871,49.177271909351646,49.1737309903038,49.17016150319553,49.16656354266857,49.16293723304225,49.15928272807498,49.15560021066443,49.15188989246877,49.148152013521006,49.14438684176697,49.14059467253976,49.13677582802231,49.13293065663695,49.12905953237806,49.12516285410312,49.12124104480999,49.117294550863114,49.11332384111483,49.10932940603534,49.105311756871515,49.10127142462643,49.09720895913901,49.09312492798239,49.08901991551371,49.08489452176374,49.08074936137483,49.076585062461646,49.0724022654692,49.068201622030585,49.06398379378724,49.05974945122074,49.05549927242671,49.05123394193699,49.04695414949443,49.04266058887006,49.038353956601085,49.03403495083632,49.02970427009487,49.02536261205325,49.021010672375866,49.016649143485886,49.01227871343732,49.00790006476645,49.00351387329901,48.99912080712722,48.99472152541678,48.990316677398525,48.98590690129075,48.98149282330383,48.977075056611845,48.972654200450734,48.96823083915417,48.96380554126502,48.959378858705925,48.95495132596476,48.95052345931406,48.94609575607466,48.94166869393567,48.93724273028572,48.93281830160965,48.928395822922596,48.923975687244756,48.91955826512237,48.915143904194935,48.91073292879682,48.906325639676005,48.901922313602654,48.89752320315399,48.89312853649162,48.88873851722666,48.884353324204085,48.8799731114997,48.87559800833676,48.87122811905217,48.86686352315421,48.86250427540858,48.858150405903714,48.85380192020488,48.84945879953861,48.84512100096882,48.840788458502914,48.83646107773362,48.83213874830139,48.82782133109134,48.823508664995025,48.819200566895894,48.814896832778,48.81059723780595,48.80630153677511,48.80200945727078,48.79772071981669,48.79343502511305,48.789152053364276,48.78487146363672,48.78059289370337,48.77631596054231,48.77204026153981,48.767765376186624,48.76349086800536,48.759216286384884,48.75494116810346,48.75066503838633,48.74638741149336,48.74210779089983,48.73782566919974,48.73354052789085,48.72925183718722,48.724959055990354,48.72066163205725,48.716359002411934,48.71205059396177,48.707735824259835,48.70341410234345,48.69908482959997,48.69474740058954,48.6904012037858,48.68604562224432,48.68168003418561,48.677303813526414,48.672916330388645,48.668516951591386,48.664105041172945,48.659679960932245,48.655241071025266,48.65078773055828,48.64631929823061,48.64183513295997,48.637334594506754,48.63281704405729,48.628281844806764,48.62372836249044,48.619155965886456,48.61456402731557,48.609951923119695,48.605319034091046,48.600664745968494,48.595988449905136,48.591289542936465,48.586567428459595,48.58182151675773,48.57705122548291,48.57225598016642,48.56743521474945,48.56258837209414,48.557714904491824,48.55281427420095,48.54788597121139,48.542929471135764,48.53794425985077,48.53292983764175,48.52788571881739,48.52281143511202,48.51770653504104,48.51257058424439,48.50740316442191,48.50220387320951,48.49697232271792,48.49170813951867,48.48641096471635,48.481080454162736,48.47571628006657,48.47031813012405,48.46488571047212,48.45941874571164,48.45391698025352,48.44838017707023,48.44280812026276,48.43720061471035,48.431557484809616,48.42587857496746,48.42016375009102,48.41441289476454,48.40862591244393,48.40280272650017,48.39694328025888,48.39104753640082,48.385115477966636,48.379147107469656,48.373142443473036,48.36710152780741,48.3610244208829,48.3549112030532,48.34876197465622,48.34257685608513,48.336355987482754,48.33009952818958,48.323807655901454,48.31748056564939,48.31111846893724,48.30472159285523,48.298290179521125,48.291824485632944,48.28532478220939,48.278791354518745,48.27222450190201,48.26562453764213,48.258991788616434,48.25232659486342,48.245629308933296,48.238900295075794,48.23213992835388,48.22534859365006,48.21852668466915,48.21167460290454,48.204792756709786,48.197881560343674,48.190941433109636,48.18397279850615,48.17697608338609,48.16995171707379,48.162900130510316,48.15582175536309,48.148717023059625,48.141586363871156,48.134430205934216,48.12724897432582,48.120043090094185,48.11281296936191,48.105559022476264,48.09828165314173,48.09098125766547,48.08365822418204,48.07631293193299,48.06894575057911,48.06155703952195,48.05414714723796,48.04671641064308,48.03926515443205,48.03179369045281,48.02430231707555,48.01679131860235,48.0092609646772,48.00171150972258,47.994143192417326,47.98655623519533,47.97895084378248,47.97132720675617,47.96368549519573,47.95602586230443,47.94834844309925,47.94065335417878,47.93294069346955,47.92521054004422,47.9174629540287,47.90969797644567,47.90191562922372,47.894115915163745,47.886298818055856,47.87846430265118,47.87061231492887,47.8627427821799,47.854855613348136,47.846950699194124,47.839027912684806,47.83108710929715,47.8231281274519,47.815150788890996,47.807154899123724,47.79914024793129,47.79110660983044,47.783053744626365,47.77498139792121,47.76688930173869,47.75877717506356,47.750644724460706,47.7424916446914,47.73431761935903,47.726122321572284,47.717905414599365,47.70966655256155,47.70140538112235,47.693121538207315,47.684814654696936,47.67648435515867,47.66813025857972,47.659751979077676,47.65134912663745,47.64292130783455,47.63446812655729,47.625989184736326,47.61748408304778,47.60895242163645,47.600393800789995,47.591807821650974,47.5831940868934,47.57455220135626,47.56588177273021,47.55718241220269,47.54845373505716,47.53969536131231,47.530906916312894,47.52208803129975,47.51323834402166,47.5043574992087,47.495445149214866,47.48650095441754,47.477524583797916,47.46851571538703,47.45947403668797,47.45039924000296,47.441291041384545,47.43214915479568,47.42297330578004,47.41376323210839,47.404518685564,47.39523943111347,47.38592524768958,47.3765759270408,47.36719127400443,47.357771105782405,47.348315251768845,47.338823553205295,47.3292958637276,47.31973204982768,47.31013199122357,47.300495580388635,47.29082272335018,47.28111333962861,47.27136736308458,47.26158473982625,47.251765430216494,47.241909408234775,47.23201666071066,47.222087185952766,47.212120995976235,47.20211811441634,47.19207857234385,47.182002432464145,47.17188974065925,47.16174057847202,47.15155502945632,47.14133318834995,47.13107516076144,47.120781063014675,47.11045102197575,47.100085174972,47.08968366947475,47.07924666288285,47.06877432222255,47.05826682372098,47.04772435239721,47.037147101519196,47.02653527229541,47.0158890733517,47.00520872037857,46.99449443568946,46.98374644788792,46.97296499144388,46.96215030633265,46.951302637632544,46.94042223514694,46.92950935303771,46.918564249469355,46.90758718629035,46.896578428761295,46.885538245280884,46.87446690718305,46.86336468850661,46.85223186581863,46.84106871802217,46.82987552612448,46.81865257304752,46.80740014337537,46.79611852311746,46.78480799943551,46.77346886036747,46.762101394546065,46.75070589090489,46.73928263840415,46.7278319257531,46.71635404115337,46.70484927203971,46.69331790486279,46.68176022485616,46.670176515870544,46.6585670601702,46.6469321382574,46.635272028751,46.623587008223716,46.61187735109982,46.60014332952505,46.58838521326344,46.57660326963841,46.56479776343953,46.55296895687209,46.541117109535456,46.52924246835168,46.51734528572195,46.505425814928046,46.493484305767645,46.48152100596053,46.46953616051835,46.4575300126441,46.44550280398752,46.43345477322646,46.42138615694665,46.40929718896509,46.397188100622486,46.385059120393365,46.37291047432287,46.360742385894326,46.3485550775508,46.33634876887786,46.324123679453734,46.31188002796681,46.29961803323894,46.28733791348889,46.275039888040716,46.26272417649207,46.25039099982106,46.23804058013089,46.22567314092907,46.213288922460066,46.20088813494398,46.18847102489127,46.17603782064767,46.163588756081964,46.15112406686696,46.13864399073929,46.126148767785196,46.113638640911425,46.10111385659225,46.08857466574408,46.07602132468158,46.063454095922886,46.050873248809985,46.038279059879045,46.02567181302919,46.01305179945098,46.000419317565374,45.98777467291767,45.97511817810576,45.96245015286813,45.94977092435699,45.937080827397864,45.924380204860384,45.911669408200375,45.89894879780136,45.88621874343513,45.87347962462335,45.86073183084421,45.84797576175264,45.83521182735968,45.8224404480957,45.8096620548826,45.796877089235394,45.78408600327707,45.771289239444314,45.758487274054566,45.745680593565375,45.732869696690905,45.720055091858086,45.70723729832318,45.694416847581806,45.681594279729055,45.668770148277,45.655945013176506,45.64311944571363,45.630294024930244,45.61746933876445,45.60464598470012,45.59182456714316,45.579005701089436,45.56619000865226,45.55337812252772,45.54057068440161,45.52776834251872,45.5149717522811,45.502181579237934,45.48939849409816,45.47662317432174,45.463856303455394,45.45109856957789,45.43835066574337,45.425613287392146,45.41288713571949,45.40017291378799,45.38747132759447,45.374783086048254,45.36210889942582,45.34944947867016,45.33680553448503,45.324177777377926,45.311566918082875,45.29897366326619,45.28639871851419,45.27384278585543,45.26130656671221,45.24879075385454,45.23629603707994,45.22382309888607,45.2113726161118,45.1989452587207,45.186541688404915,45.17416256104105,45.16180852455591,45.14948021846641,45.13717827094869,45.124903299827345,45.11265591310498,45.10043670685795,45.08824626730098,45.076085167967264,45.063953968861966,45.05185324690589,45.03978351821781,45.02774529749006,45.01573908663403,45.00376537533535,44.991824641280026,44.979917349633354,44.96804395210616,44.956204885699854,44.944400571445485,44.9326314132956,44.920897797305514,44.90920009134679,44.89753864505799,44.88591379015652,44.87432584085566,44.862775094254346,44.85126183080109,44.83978631454281,44.828348793294445,44.81694949861896,44.80558863202811,44.794266407666065,44.78298301042405,44.77173860792537,44.76053334968415,44.749367365807764,44.73824076916747,44.727153652032314,44.71610609031433,44.705098143969025,44.694129858225,44.6832012635298,44.67231237583641,44.66146319654118,44.65065371267344,44.63988389566711,44.62915370061757,44.61846306739545,44.60781191873623,44.5972001623143,44.58662768731979,44.57609435203822,44.565600039573745,44.55514456932831,44.5447277979355,44.534349513193156,44.524009529224,44.5137076362344,44.50344361195631,44.493217221194506,44.48302821589087,44.47287633508202,44.46276130501111,44.45268283924523,44.44264063900089,44.432634393599855,44.42266378091674,44.4127284678295,44.402828111178806,44.39296235812,44.383130846773994,44.37333320689276,44.363569060019366,44.353838020019076,44.34413969335892,44.33447367941089,44.32483957065399,44.315236952804774,44.30566540522457,44.296124501280595,44.28661380849202,44.27713288890293,44.26768129950905,44.25825859263146,44.248864316232215,44.239498014652284,44.23015922881873,44.22084749688404,44.21156235459255,44.202303336004086,44.19306997389998,44.183861800556606,44.17467834802139,44.165519148844766,44.15638373681112,44.14727164736537,44.138182418349125,44.12911559053669,44.12007070820388,44.11104731985385,44.10204497877576,44.093063243561204,44.08410167877536,44.07515985543064,44.066237351707585,44.05733375333327,44.04844865430231,44.03958167990264,44.030732406264306,44.02190048630678,44.013085539997164,44.00428720722734,43.99550513880049,43.986738999785686,43.977988467588496,43.96925323372838,43.96053300407221,43.95182749778867,43.94313644960278,43.93445960934102,43.925796741613404,43.9171476264497,43.908512059431814,43.89988985300678,43.89128083565957,43.88268485217459,43.87410176369861,43.865531447862324,43.856973800174146,43.84842873263003,43.83989617277969,43.83137606685176,43.82286837870323,43.814373088527866,43.80589019413885,43.79741971274172,43.788961676741025,43.78051613783913,43.77208316469358,43.763662845054924,43.7552552833351,43.746860601243824,43.73847893791762,43.730110449151454,43.721755314855315,43.71341370915882,43.70508584881659,43.69677194645657,43.68847223385673,43.68018695784842,43.67191638027054,43.66366077761885,43.65542044053254,43.64719567299405,43.63898679136101,43.630794123193155,43.622618006360774,43.614458788096265,43.60631682441892,43.59819247961357,43.590086125819205,43.581998142737014,43.57392891722566,43.56587884301678,43.55784832009308,43.54983775415251,43.541847555903715,43.533878140434865,43.525929926390624,43.518003335332224,43.51009879090572,43.50221671836127,43.494357543684984,43.48652169328071,43.4787095931959,43.470921668764525,43.46315834395043,43.45542004089659,43.44770717927594,43.44002017572909,43.432359443401154,43.424725382886365,43.41711840814965,43.40953891478051,43.40198729552515,43.39446394060069,43.38696923407454,43.37950354987939,43.372067252104536,43.364660696207764,43.35728423080688,43.34993819363924,43.34262291372268,43.335338711824534,43.32808590016145,43.32086478290412,43.31367565316626,43.30651879682948,43.29939449172123,43.29230300302752,43.285244588513166,43.27821949494747,43.27122795829873,43.264270206071686,43.25734645668829,43.250456917104586,43.243601786909046,43.236781254540574,43.22999550073177,43.22324469660427,43.21652900374797,43.209848575814206,43.20320355470989,43.19659407621686,43.19002026672524,43.18348224497617,43.176980121473136,43.17051399919891,43.16408397400675,43.157690135116766,43.15133256343465,43.14501133672155,43.138726525881104,43.13247819740961,43.126266411172374,43.120091223090405,43.11395268575319,43.10785084654435,43.10178574883216,43.09575743400456,43.08976594509907,43.08381131851537,43.07789358787295,43.07201278398191,43.06616893486971,43.0603620659657,43.05459220064023,43.048859361012845,43.04316356887179,43.03750484658345,43.03188321775505,43.0262987075899,43.02075134299058,43.01524115249781,43.00976816599543,43.00433241450106,42.99893392988015,42.99357274533365,42.98824888828751,42.98296239076841,42.97771328685756,42.972501613279434,42.967327408825476,42.96219071647804,42.95709158076391,42.95203004893088,42.94700617130044,42.942019997726945,42.93707157855738,42.93216096399876,42.927288205981405,42.922453355027244,42.917656463009315,42.912897581451055,42.9081767652383,42.90349407150553,42.898849559364855,42.89424328950528,42.88967532365466,42.88514572767927,42.88065456800073,42.87620191297613,42.871787831893045,42.86741239407822,42.86307567007511,42.85877773197667,42.85451865048178,42.850298491790284,42.84611734317727,42.84197526136497,42.83787232736236,42.83380861200725,42.8297841848208,42.82579911371893,42.82185346493527,42.8179473029813,42.81408069098185,42.81025369100836,42.806466364478695,42.802718772431135,42.799010975788924,42.79534303529128,42.79171501118647,42.78812696322199,42.78457894996794,42.78107102868818,42.777603255101155,42.77417568292198,42.77078836384378,42.76744134744033,42.764134681312,42.76086841097474,42.75764258000816,42.75445723020208,42.751312401580975,42.74820813260958,42.745144460285125,42.742121420206125,42.73913904663973,42.736197372598554,42.733296429811865,42.730436248896034,42.72761685920934,42.724838289104085,42.72210056577774,42.71940371530406,42.71674776269914,42.71413273184566,42.711558645423345,42.70902552494867,42.706533399723305,42.70408227997836,42.70167218268707,42.699303123438284,42.69697511691966,42.69468817620957,42.692442313071,42.690237536848514,42.68807385304281,42.685951266416176,42.68386977903959,42.681829388492815,42.67983009096961,42.67787187771325,42.67595473528998,42.6740786471711,42.67224359418163,42.67044955200507,42.66869649163763,42.66698438186911,42.6653131853899,42.66368286169282,42.66209336538724,42.660544647288106,42.65903665166524,42.657569319948806,42.656142585458674,42.6547563773972,42.6534106175139,42.65210522014946,42.65084009393933,42.64961513967433,42.648430249877656,42.64728530980999,42.646180197304204,42.64511478292568,42.64408892536308,42.6431024776492,42.642155282939214,42.641247176086154,42.64037798307211,42.63954752039078,42.63875559722409,42.63800201156071,42.63728655277234,42.63660900257039,42.635969130437495,42.63536669889474,42.63480146012775,42.63427315828303,42.63378152735839,42.633326292213816,42.63290716942957,42.63252386578057,42.63217607882191,42.63186349795661,42.63158580388472,42.63134266919012,42.63113375743813,42.63095872606554,42.6308172215538,42.630708885304756,42.630633349414765,42.63059023253589,42.63057915611749,42.63059973211608,42.630651567467666,42.630734260704365,42.63084740314807,42.6309905847515,