66.25556099997567,66.25556099997567,66.25556099997567,66.25556099997567,66.25556099997567,66.25556099997567,66.25556099997567,66.25556099997567,66.25556099997567,66.25556099997567,66.25556099997567,66.25556099997567,66.25556100007589,66.25556100054762,66.25556100188791,66.25556100481407,66.25556101016767,66.25556101871204,66.25556103082943,66.2555610461531,66.25556106319398,66.25556107903775,66.25556108919298,66.25556108766017,66.25556106726955,66.2555610202989,66.25556093935047,66.25556081842686,66.25556065411163,66.25556044673861,66.25556020145659,66.25555992905088,66.25555964644947,66.25555937680662,66.25555914912918,66.25555899740134,66.25555895923999,66.25555907411875,66.25555938124756,66.25555991730906,66.25556071391173,66.25556179550276,66.25556317722095,66.25556486307967,66.25556684455574,66.25556909971665,66.25557159267788,66.25557427334715,66.25557707749147,66.2555799268602,66.25558272950357,66.25558537998513,66.25558775956229,66.25558973630346,66.25559116497205,66.2555918867543,66.25559172870639,66.25559050282726,66.25558800487869,66.2555840127814,66.25557828465544,66.25557055648784,66.25556053960608,66.2555479179692,66.25553234555971,66.2555134438177,66.25549079932314,66.25546396169773,66.25543244229922,66.25539571307071,66.25535320591707,66.255304312161,66.25524838338616,66.25518473122439,66.25511262859023,66.2550313104006,66.25493997498906,66.25483778512175,66.25472386961638,66.25459732413813,66.25445721319682,66.25430257074197,66.2541324019879,66.25394568452755,66.25374136959178,66.25351838399062,66.25327563170566,66.25301199653344,66.25272634433202,66.2524175263706,66.25208438337916,66.25172574907731,66.25134045561522,66.25092733784288,66.25048523920148,66.25001301690918,66.24950954743056,66.24897373274418,66.24840450501706,66.24780083108348,66.24716172182947,66.24648623164425,66.24577346395402,66.24502257491166,66.2442327775547,66.2434033432067,66.24253360605947,66.24162296260663,66.2406708737031,66.2396768641158,66.23864052274108,66.23756150252923,66.23643951962754,66.23527435283789,66.23406584287987,66.232813890271,66.23151845423385,66.23017955073014,66.22879725085113,66.22737167714016,66.22590300236497,66.22439144510848,66.22283726674294,66.22124076717672,66.21960228232255,66.21792217851451,66.21620084920652,66.21443871032773,66.21263619576376,66.21079375342055,66.20891184015844,66.20699091819647,66.20503145093086,66.20303389887482,66.20099871660616,66.19892634913916,66.19681723027077,66.19467177943507,66.19249040132121,66.19027348388524,66.18802139762757,66.18573449665219,66.18341311824813,66.18105758354065,66.17866819809109,66.17624525360021,66.17378902960724,66.17129979387396,66.1687778051471,66.16622331384833,66.1636365650758,66.16101779908826,66.15836725371571,66.15568516529568,66.15297176998999,66.15022730533751,66.14745201049386,66.14464612797667,66.14180990371335,66.13894358810003,66.13604743663728,66.13312171061847,66.13016667764167,66.12718261000487,66.12416979200528,66.12112851642208,66.11805908464432,66.11496180659859,66.1118370006329,66.10868499347866,66.10550612032264,66.10230072507363,66.09906916076514,66.0958117900734,66.09252898587343,66.08922113172132,66.08588862225615,66.0825318633816,66.07915127227581,66.075747277155,66.07232031688599,66.06887084054333,66.065399306983,66.06190618449865,66.0583919506344,66.054857092192,66.0513021054708,66.04772749663299,66.0441337821529,66.04052148932873,66.03689115693238,66.03324333605713,66.02957859121682,66.02589750174364,66.02220066346435,66.01848869062778,66.0147622180006,66.01102190302674,66.00726842790738,66.00350250147909,65.99972486075997,65.99593627204348,65.99213753151449,65.98832946537442,65.98451292951107,65.98068880872003,65.97685801548175,65.97302148833118,65.96918018988549,65.96533510453442,65.96148723570185,65.95763760270316,65.95378723728669,65.94993718004378,65.94608847686588,65.94224217561043,65.93839932310317,65.93456096253891,65.93072813130031,65.92690185913457,65.92308316658149,65.91927306352326,65.91547254769678,65.91168260302116,65.90790419763606,65.9041382816655,65.900385784735,65.89664761328304,65.89292464770898,65.88921773932795,65.88552770726905,65.88185533532972,65.87820136883106,65.87456651135705,65.8709514214819,65.86735670962439,65.86378293525019,65.86023060465641,65.85670016949499,65.85319202622667,65.84970651653586,65.84624392867413,65.84280449965637,65.83938841811504,65.83599582762444,65.83262683020783,65.82928148981787,65.82595983564603,65.82266186516938,65.81938754695844,65.81613682320165,65.8129096119049,65.80970580865488,65.80652528805007,65.80336790478475,65.80023349427373,65.79712187280113,65.7940328372292,65.79096616452878,65.787921611202,65.78489891304348,65.78189778520424,65.7789179229309,65.77595900278955,65.7730206845591,65.77010261351273,65.76720442311542,65.76432573774109,65.76146617539261,65.75862535005079,65.75580287370907,65.75299835803204,65.75021141572184,65.74744166161777,65.74468871349696,65.74195219257481,65.73923172370027,65.7365269352637,65.73383745853978,65.73116292650825,65.72850297202653,65.72585722561911,65.72322531292292,65.72060685210536,65.71800145140973,65.71540870714618,65.7128282022605,65.71025950566928,65.70770217247104,65.7051557450374,65.70261975488951,65.70009372529546,65.69757717431065,65.69506961820592,65.69257057509579,65.69007956856923,65.68759613103317,65.68511980648957,65.68265015250387,65.68018674118566,65.67772915909234,65.67527700591127,65.67282989195036,65.67038743466351,65.66794925442217,65.66551496986551,65.66308419314925,65.66065652536714,65.65823155240987,65.65580884144072,65.6533879380161,65.6509683638648,65.64854961528988,65.64613116205014,65.6437124465985,65.64129288359295,65.6388718597012,65.63644873375043,65.63402283717869,65.63159347473362,65.62915992531646,65.62672144291781,65.62427725748819,65.62182657558301,65.61936858068647,65.61690243317194,65.61442726992689,65.61194220371833,65.60944632243972,65.60693868840156,65.60441833787908,65.60188428111762,65.59933550297735,65.59677096435269,65.59418960444398,65.59159034388468,65.58897208867963,65.58633373479371,65.58367417322306,65.58099229546,65.57828699918359,65.57555719399001,65.57280180694205,65.57001978780804,65.56721011384758,65.56437179409869,65.56150387306421,65.5586054338809,65.55567560094083,65.55271354202824,65.54971847002852,65.5466896442746,65.5436263715518,65.54052800683552,65.537393953763,65.53422366488398,65.53101664167637,65.5277724343411,65.52449064139356,65.52117090902924,65.5178129302945,65.51441644416542,65.51098123451533,65.5075071289835,65.50399399772144,65.50044175195046,65.49685034235264,65.49321975719404,65.48955002020935,65.48584118821955,65.48209334852605,65.47830661611493,65.47448113077937,65.47061705419114,65.46671456713824,65.46277386699579,65.45879516561178,65.45477868767254,65.45072466965102,65.44663335935049,65.44250501604239,65.43833991115334,65.43413832938015,65.42990057018822,65.42562694955177,65.42131780184195,65.41697348178143,65.41259436638936,65.40818085693236,65.40373338074575,65.39925239303699,65.39473837861843,65.39019185356798,65.38561336685206,65.38100350182005,65.37636287768723,65.37169215085733,65.36699201609353,65.36226320750728,65.35750649931548,65.35272270629099,65.34791268402859,65.34307732865248,65.33821757632718,65.33333440237894,65.32842882000362,65.32350187864078,65.31855466202829,65.3135882859492,65.30860389568383,65.3036026632753,65.29858578461372,65.29355447630664,65.28850997259036,65.28345352208713,65.27838638461728,65.27330982801655,65.26822512513667,65.26313355080185,65.25803637901193,65.25293488026301,65.24783031916805,65.24272395217682,65.23761702559491,65.2325107738566,65.22740641815803,65.22230516525192,65.2172082066294,65.21211671801687,65.207031859144,65.20195477380383,65.19688659023285,65.19182842174888,65.18678136765838,65.18174651435692,65.17672493664672,65.17171769914597,65.16672585791916,65.1617504620492,65.15679255532531,65.15185317795007,65.14693336810433,65.1420341635327,65.13715660285392,65.1323017269111,65.12747057977398,65.12266420958655,65.11788366919818,65.11313001649711,65.1084043145921,65.10370763154316,65.09904104007123,65.09440561673269,65.08980244095761,65.08523259377596,65.08069715646452,65.07619720874986,65.0717338269467,65.06730808178146,65.06292103616997,65.05857374275972,65.05426724159896,65.05000255739762,65.04578069708793,65.04160264706634,65.03746937066033,65.0333818056914,65.02934086185707,65.02534741856306,65.02140232258952,65.01750638618151,65.01366038513449,65.00986505716531,65.00612110052143,65.00242917272614,64.99878988958197,64.99520382446335,64.99167150774174,64.98819342649612,64.98477002441189,64.98140170183268,64.97808881602988,64.97483168157734,64.97163057088719,64.9684857148287,64.96539730343363,64.96236548662077,64.95939037496866,64.95647204038205,64.95361051688663,64.95080580103617,64.94805785264931,64.9453665950605,64.94273191534657,64.94015366446838,64.93763165717046,64.93516567166432,64.9327554492386,64.93040069355507,64.92810106991284,64.9258562042247,64.92366568188184,64.9215290465283,64.91944579863308,64.91741539406738,64.91543724249162,64.91351070580187,64.91163509652044,64.90980967623888,64.90803365407936,64.90630618526328,64.90462636982964,64.90299325148032,64.90140581661976,64.89986299362369,64.89836365235188,64.89690660392321,64.89549060080064,64.89411433718237,64.89277644972519,64.8914755185739,64.89021006880904,64.88897857214846,64.88777944903241,64.88661107107839,64.8854717637657,64.88435980955666,64.88327345119932,64.88221089528629,64.88117031613871,64.88014985982164,64.87914764840382,64.87816178424781,64.87719035454995,64.8762314358442,64.87528309853171,64.87434341155702,64.87341044682175,64.8724822836996,64.87155701331193,64.870632742747,64.86970759519778,64.86877972131079,64.8678472992242,64.866908537964,64.86596168046187,64.86500500617547,64.86403683334997,64.86305552097369,64.8620594704577,64.86104712706111,64.86001698108103,64.85896756880706,64.8578974732235,64.8568053244442,64.85568979988264,64.85454962415282,64.85338356870544,64.85219045121815,64.85096913477429,64.8497185268574,64.84843757820754,64.84712528155451,64.84578067029715,64.8444028171381,64.84299083272278,64.84154386430598,64.84006109447171,64.83854173993997,64.83698505047369,64.83539030792264,64.83375682539085,64.83208394658415,64.8303710453172,64.82861752520387,64.82682281954392,64.82498639139598,64.82310773385375,64.82118637050435,64.81922185611191,64.81721377746534,64.81516175442414,64.813065441144,64.81092452745109,64.80873874041131,64.80650784597913,64.80423165079866,64.80191000409914,64.79954279963972,64.79712997773366,64.79467152726747,64.79216748393661,64.78961793987952,64.78702304221922,64.78438299431102,64.78169805730552,64.77896855254336,64.77619486247788,64.77337743263864,64.77051677274375,64.76761345763789,64.76466812796303,64.7616814909729,64.75865432025051,64.75558745579417,64.75248180427334,64.74933833757936,64.74615809329546,64.7429421732147,64.73969174246702,64.73640802860133,64.73309231995023,64.7297459644558,64.72637036762714,64.72296699003321,64.7195373461849,64.71608300170878,64.71260557070839,64.70910672799741,64.70558816045742,64.70205160975772,64.69849885700012,64.69493171755794,64.69135203844093,64.6877616944751,64.68416258550852,64.68055663336091,64.67694577935421,64.67333198099435,64.66971720950158,64.66610344714478,64.66249268429587,64.65888691666467,64.65528814264121,64.65169836037913,64.6481195651071,64.64455374649117,64.64100288625072,64.63746895553808,64.63395391243779,64.63045969996607,64.62698825073218,64.62354147099936,64.62012124573471,64.61672943646397,64.61336787949271,64.61003838431756,64.60674273219162,64.60348267478895,64.60025993288954,64.59707619509872,64.59393311656575,64.59083231774017,64.58777538321425,64.58476386062982,64.58179925974214,64.57888305162173,64.57601666803208,64.57320150097388,64.57043890244393,64.56773018431818,64.56507661843409,64.56247943680323,64.55993983198717,64.557458957596,64.55503792892793,64.55267782374474,64.55037968313772,64.5481445125853,64.54597328308667,64.54386693241571,64.54182636651713,64.53985246099616,64.5379460627134,64.53610799146415,64.53433904173346,64.53263998451017,64.5310115691751,64.52945452537898,64.52796956496368,64.52655738388607,64.52521866408556,64.52395407531903,64.52276427694039,64.52164991958408,64.52061164675038,64.51965009626707,64.51876590164483,64.51795969324081,64.51723209930435,64.51658374684129,64.51601526227314,64.51552727194125,64.51512040239804,64.51479528049738,64.51455253329647,64.51439278773213,64.5143166700872,64.51432480524961,64.51441781579061,64.51459632083336,64.51486093471784,64.51521226550584,64.51565090711793,64.51617745529043,64.51679248954257,64.51749657553299,64.51829026295532,64.51917408361538,64.52014854788519,64.52121414286263,64.52237132924644,64.52362053920397,64.52496217397201,64.5263966019018,64.52792415789104,64.52954513762842,64.53125980052026,64.53306836481568,64.53497100734761,64.53696786038185,64.5390590100354,64.54124449545924,64.54352430689217,64.54589838322387,64.54836661305347,64.5509288317746,64.55358482152496,64.55633431178958,64.55917697672795,64.56211243730556,64.56514025991419,64.56825995724483,64.57147098833877,64.57477275933648,64.57816462343266,64.58164588238887,64.58521578655099,64.58887353620223,64.59261828219395,64.59644912750674,64.60036512776604,64.60436529257737,64.60844858735435,64.61261393350742,64.61686021035227,64.62118625659633,64.62559087136052,64.6300728157042,64.63463081385683,64.63926355460445,64.6439696927528,64.64874784993823,64.65359661654642,64.65851455248858,64.66350018828857,64.66855202647618,64.67366854264799,64.67884818620644,64.6840893818907,64.6893905303134,64.69475000925677,64.70016617439056,64.70563736037488,64.71116188173903,64.71673803350568,64.72236409211033,64.72803831644184,64.73375894844554,64.7395242140255,64.74533232395102,64.7511814743318,64.75706984770606,64.76299561371508,64.76895692982453,64.77495194212669,64.78097878622022,64.78703558792077,64.7931204641905,64.79923152351321,64.80536686707597,64.8115245893842,64.81770277909897,64.8238995198457,64.83011289093965,64.83634096832532,64.84258182513575,64.84883353273227,64.85509416127508,64.86136178077386,64.86763446171231,64.87391027581309,64.8801872969034,64.88646360170185,64.89273727057295,64.8990063881682,64.90526904436224,64.91152333499102,64.91776736250432,64.92399923668563,64.93021707559505,64.936419006265,64.9426031653133,64.94876769984415,64.95491076829627,64.96103054110547,64.96712520148857,64.97319294613013,64.97923198622166,64.98524054817483,64.99121687448701,64.99715922448391,65.00306587533584,65.00893512284858,65.01476528248372,65.02055469020947,65.02630170348657,65.03200470224373,65.03766208981261,65.04327229401761,65.04883376814546,65.05434499208582,65.05980447326166,65.06521074777862,65.07056238149099,65.07585797105352,65.0810961450037,65.08627556481498,65.0913949260421,65.09645295936112,65.10144843160448,65.10638014682871,65.11124694732911,65.11604771172055,65.1207813651514,65.12544686700952,65.13004322309398,65.13456948177809,65.13902473541644,65.14340812111016,65.14771882142465,65.15195606505085,65.15611912743383,65.16020733136932,65.16422004756109,65.16815669515142,65.17201674220411,65.17579970613258,65.17950515837101,65.18313270919585,65.18668203258261,65.1901528433807,65.19354490935066,65.19685804879094,65.20009213030184,65.20324707263117,65.20632284456403,65.20931946442033,65.21223699979024,65.21507556673286,65.21783532949061,65.22051649971388,65.22311933596656,65.22564414289016,65.22809127032417,65.230461112827,65.23275410851157,65.2349707380123,65.2371115237499,65.23917702865094,65.24116785508407,65.24308464365927,65.24492807215827,65.2466988539673,65.24839773706671,65.25002550256276,65.2515829631579,65.2530709616999,65.25449036988677,65.25584208671188,65.25712703679095,65.2583461689277,65.25950045462606,65.2605908862838,65.2616184754811,65.26258425148637,65.26348925940958,65.2643345586001,65.26512122096173,65.2658503291496,65.26652297476839,65.2671402566785,65.26770327912834,65.26821315020936,65.26867097985321,65.26907787843051,65.2694349550227,65.26974331571618,65.27000406197483,65.2702182891614,65.27038708495228,65.27051152802456,65.2705926865795,65.27063161696478,65.2706293623288,65.27058695149859,65.27050539780194,65.27038569804171,65.27022883134214,65.27003575846156,65.26980742070312,65.2695447393461,65.26924861488769,65.26891992651736,65.26855953162885,65.26816826550046,65.26774694100304,65.26729634841146,65.26681725523217,65.2663104064026,65.26577652431362,65.26521630898087,65.26463043846809,65.2640195691724,65.26338433643,65.26272535503696,65.26204321993424,65.2613385069246,65.26061177351079,65.25986355990037,65.25909438982536,65.25830477021988,65.25749519739242,65.25666615243,65.25581810435617,65.25495151148897,65.2540668228401,65.25316447939798,65.25224491548377,65.2513085600494,65.25035583802975,65.24938717163835,65.24840298167581,65.24740368884217,65.24638971497416,65.2453614843283,65.2443194248051,65.2432639690266,65.24219555552659,65.24111462975077,65.24002164502936,65.23891706341935,65.23780135653216,65.23667500619553,65.23553850504325,65.23439235703289,65.23323707780519,65.23207319496201,65.23090124825768,65.22972178958696,65.2285353829318,65.22734260412467,65.22614404053598,65.22494029060195,65.22373196327293,65.22251967725,65.22130406019238,65.22008574778572,65.2188653826506,65.21764361319767,65.21642109233687,65.21519847610203,65.21397642216535,65.21275558829922,65.2115366307136,65.21032020236497,65.20910695114807,65.20789751805944,65.20669253530659,65.20549262439793,65.2042983941181,65.20311043859154,65.20192933529377,65.20075564303724,65.19958989998547,65.19843262168247,65.19728429911991,65.19614539682543,65.19501635100448,65.19389756774372,65.19278942129029,65.19169225241919,65.1906063667817,65.18953203347029,65.18846948365467,65.18741890926485,65.1863804619268,65.18535425184248,65.18434034696503,65.18333877202878,65.18234950809592,65.18137249188585,65.18040761550593,65.17945472622286,65.17851362641686,65.17758407360279,65.1766657806684,65.17575841612125,65.17486160473538,65.17397492819453,65.17309792579533,65.17223009546368,65.17137089462331,65.17051974150257,65.16967601641073,65.16883906315564,65.1680081906039,65.16718267437028,65.16636175840146,65.16554465685955,65.1647305559368,65.16391861588379,65.16310797292755,65.16229774154323,65.16148701635885,65.16067487443175,65.15986037746215,65.15904257396977,65.15822050140382,65.15739318847069,65.15655965728838,65.15571892547658,65.15487000834625,65.15401192114128,65.15314368089953,65.15226430875065,65.15137283160365,65.15046828426962,65.14954971112321,65.14861616801362,65.14766672389106,65.14670046228447,65.1457164830452,65.14471390348578,65.1436918600022,65.14264950918341,65.14158602883964,65.14050061912195,65.13939250345335,65.13826092943118,65.1371051693467,65.13592452100083,65.13471830815497,65.13348588101304,65.13222661659297,65.13093991899366,65.12962521951553,65.12828197679909,65.12690967682128,65.12550783285398,65.12407598532187,65.12261370154847,65.12112057561373,65.11959622800642,65.1180403052903,65.11645247967218,65.11483244858246,65.11317993424144,65.11149468303543,65.1097764650864,65.1080250736474,65.10624032463483,65.10442205608517,65.10257012762271,65.10068441996043,65.09876483440586,65.09681129235419,65.09482373480768,65.09280212187984,65.09074643234727,65.08865666316325,65.08653282915634,65.084374962634,65.082183112945,65.07995734640542,65.07769774591823,65.07540441090796,65.07307745707618,65.07071701644328,65.06832323708211,65.06589628338082,65.06343633589506,65.06094359143091,65.05841826304952,65.05586058028761,65.05327078914846,65.0506491523094,65.0479959492356,65.04531147632113,65.04259604711854,65.03984999243902,65.03707366060723,65.03426741751345,65.03143164676591,65.02856674991752,65.02567314647911,65.02275127405647,65.01980158834677,65.01682456316911,65.01382069040724,65.01079047987434,65.00773445924013,65.0046531737505,65.00154718594888,64.9984170753317,64.99526343796724,64.99208688590731,64.98888804676851,64.9856675629697,64.98242609115577,64.97916430124147,64.9758828756818,64.97258250839715,64.9692639038597,64.96592777593531,64.96257484672935,64.95920584535389,64.9558215065681,64.95242256936325,64.94900977560638,64.94558386843411,64.94214559066019,64.93869568325553,64.93523488362099,64.93176392390737,64.9282835292346,64.92479441600055,64.9212972900893,64.91779284496366,64.91428175993902,64.9107646984257,64.90724230606347,64.90371520893741,64.90018401181962,64.89664929716099,64.89311162093676,64.8895715143397,64.88602947981883,64.88248599026547,64.87894148768736,64.87539638172468,64.87185104837236,64.86830582852038,64.86476102685107,64.8612169105443,64.85767370834142,64.85413160953702,64.85059076327147,64.8470512778384,64.84351322018463,64.83997661545958,64.83644144647056,64.83290765374943,64.829375135264,64.82584374643213,64.8223133002162,64.81878356725424,64.81525427634968,64.81172511472326,64.80819572864894,64.80466572404073,64.80113466719312,64.79760208577339,64.79406746974985,64.79053027257987,64.78698991223966,64.78344577262938,64.77989720473734,64.7763435282783,64.77278403301634,64.76921798047027,64.76564460539058,64.76206311766805,64.75847270394432,64.75487252944542,64.75126173971766,64.747639462549,64.74400480997477,64.74035687991686,64.73669475847699,64.73301752146804,64.72932423643175,64.72561396481495,64.72188576357127,64.7181386871959,64.71437178951005,64.71058412548545,64.70677475291552,64.70294273432256,64.6990871384802,64.69520704203444,64.69130153103166,64.68736970236347,64.68341066513977,64.67942354195219,64.67540747015025,64.67136160290507,64.66728511026317,64.66317718002024,64.65903701865616,64.65486385200944,64.65065692594672,64.64641550689366,64.64213888234603,64.6378263611276,64.63347727365007,64.62909097222898,64.62466683091343,64.6202042456,64.61570263391856,64.61116143496916,64.60658010911922,64.60195813759086,64.5972950219951,64.59259028389744,64.58784346432495,64.58305412295239,64.5782218376705,64.57334620383324,64.56842683356281,64.5634633548537,64.55845541094078,64.55340265949144,64.54830477185436,64.54316143224263,64.53797233704188,64.53273719391846,64.52745572132288,64.52212764763438,64.5167527105941,64.51133065671004,64.50586124068765,64.5003442249683,64.49477937935544,64.48916648055541,64.48350531198234,64.47779566350434,64.4720373313468,64.4662301179523,64.46037383219928,64.45446828931412,64.44851331127168,64.44250872693794,64.43645437248189,64.43035009190747,64.42419573754395,64.41799117050506,64.41173626170215,64.40543089224205,64.39907495459583,64.39266835321081,64.38621100561454,64.37970284346405,64.37314381329986,64.3665338778931,64.3598730174421,64.35316123045948,64.34639853490867,64.33958496988029,64.3327205960147,64.32580549730946,64.31883978189512,64.31182358346982,64.30475706230646,64.29764040623523,64.29047383190296,64.28325758574567,64.27599194492714,64.26867721810217,64.2613137466988,64.2539019052416,64.2464421024412,64.23893478167521,64.23138042154542,64.22377953646712,64.21613267690529,64.2084404298167,64.20070341891638,64.1929223047799,64.1850977848429,64.17723059353243,64.1693215019294,64.1613713176118,64.15338088433528,64.14535108169143,64.13728282442317,64.1291770621221,64.12103477826633,64.1128569896775,64.10464474556038,64.09639912669203,64.08812124435435,64.07981223946041,64.07147328125832,64.06310556627609,64.05471031703479,64.04628878080023,64.0378422282386,64.02937195203057,64.02087926546838,64.01236550112591,64.0038320092327,63.99528015634216,63.98671132375433,63.97812690597578,63.969528309256766,63.96091695002724,63.952294253367,63.94366165153793,63.935020582440266,63.92637248807846,63.91771881317529,63.9090610036725,63.90040050531503,63.89173876226767,63.88307721576743,63.87441730278802,63.86576045479358,63.857108096490876,63.848461644662294,63.83982250706958,63.831192081340504,63.822571753981904,63.81396289941042,63.80536687911022,63.796785040743345,63.78821871746394,63.77966922712329,63.7711378717527,63.76262593694869,63.75413469133312,63.745665386296714,63.73721925550363,63.728797514648406,63.72040136122841,63.71203197448672,63.70369051520107,63.69537812565657,63.68709592981639,63.67884503339341,63.670626523949366,63.662441471129526,63.65429092692901,63.646175925977325,63.638097485972615,63.630056608034174,63.62205427707417,63.61409146232962,63.60616911780032,63.59828818279905,63.590449582332205,63.582654227755974,63.57490301725954,63.56719683634389,63.55953655836662,63.551923045036986,63.54435714686139,63.5368397035858,63.52937154462324,63.52195348939601,63.51458634762046,63.5072709196734,63.50000799673057,63.492798360920354,63.48564278549258,63.47854203476367,63.471496864102136,63.4645080198255,63.45757623899399,63.45070224910803,63.44388676780876,63.437130502370216,63.43043414923704,63.42379839337872,63.41722390764782,63.410711351969056,63.404261372551176,63.39787460088742,63.39155165280779,63.38529312739002,63.37909960581818,63.372971650166825,63.366909802186164,63.36091458194321,63.35498648644398,63.34912598827613,63.34333353416614,63.3376095434213,63.331954406543126,63.326368483621145,63.32085210287329,63.31540555903375,63.310029111968596,63.304722985036335,63.29948736373345,63.29432239412686,63.28922818150667,63.28420478909503,63.279252236510786,63.27437049878943,63.26955950497002,63.26481913710032,63.26014922915589,63.255549566084795,63.25101988299879,63.246559864452266,63.242169143749834,63.237847302302356,63.2335938693779,63.22940832164455,63.225290083013185,63.221238524660514,63.217252964862546,63.21333266935111,63.20947685160506,63.20568467318364,63.20195524433124,63.19828762474285,63.19468082414765,63.19113380337987,63.187645475406626,63.18421470647513,63.18084031732552,63.17752108465688,63.17425574260908,63.17104298432855,63.16788146382198,63.16476979740208,63.16170656586959,63.158690316286766,63.15571956418986,63.152792795456655,63.1499084686733,63.14706501726985,63.14426085179386,63.14149436219613,63.138763920266236,63.1360678819072,63.13340458973904,63.13077237526389,63.12816956155505,63.125594465369886,63.123045399764635,63.120520676539115,63.11801860853881,63.115537511962465,63.11307570884769,63.11063152917719,63.1082033132047,63.10578941364326,63.10338819774415,63.100998049428256,63.09861737146851,63.09624458715716,63.093878142253345,63.09151650678753,63.089158176718314,63.08680167548781,63.084445555596346,63.082088400212854,63.079728824271015,63.07736547594439,63.074997037603765,63.07262222699196,63.070239797985515,63.06784854183251,63.06544728771874,63.06303490339416,63.060610295948806,63.058172412185904,63.05572023907576,63.05325280412106,63.05076917548416,63.04826846237319,63.045749814908284,63.043212424323244,63.04065552280451,63.03807838346047,63.035480320053395,63.03286068683924,63.030218878242756,63.027554328606485,63.02486651173044,63.02215494053638,63.019419166474655,63.01665877925101,63.013873406247114,63.011062711930215,63.008226397354726,63.00536419955206,63.00247589112438,62.999561279495175,62.99662020648296,62.99365254772648,62.99065821205005,62.987637141014744,62.98458930837058,62.98151471948925,62.978413410913326,62.975285449894685,62.97213093389942,62.96894999014181,62.96574277522936,62.962509474753624,62.95925030298438,62.95596550244574,62.95265534363009,62.949320124768754,62.94596017150253,62.9425758367249,62.939167500271616,62.93573556879621,62.932280475554954,62.92880268029872,62.925302669064216,62.92178095402257,62.91823807345216,62.91467459152623,62.91109109819413,62.9074882091104,62.90386656538868,62.900226833590615,62.89656970558499,62.89289589831128,62.88920615369013,62.88550123831465,62.88178194342161,62.878049084592774,62.87430350144191,62.87054605736493,62.86677763932191,62.86299915726138,62.859211543893146,62.855415754132274,62.85161276480131,62.847803573897565,62.843989200184076,62.84017068252244,62.83634907917664,62.832525467151385,62.82870094139688,62.824876614135675,62.821053613857586,62.8172330845413,62.8134161846777,62.80960408630604,62.80579797396189,62.80199904357433,62.79820850146747,62.79442756311274,62.79065745197258,62.786899398389785,62.78315463828365,62.77942441179575,62.77570996214802,62.77201253422969,62.76833337328263,62.76467372361341,62.76103482712452,62.757417922028296,62.75382424143501,62.75025501207838,62.746711452813614,62.743194773375784,62.73970617290816,62.73624683870636,62.73281794497485,62.729420651366844,62.7260561019475,62.72272542363831,62.71942972531091,62.716170096443264,62.712947605996106,62.70976330139875,62.7066182074382,62.70351332527915,62.70044963145831,62.697428077092034,62.69444958694978,62.69151505866427,62.68862536208721,62.68578133851524,62.68298380019236,62.680233529637626,62.6775312792043,62.67487777068387,62.67227369493437,62.669719711545014,62.66721644872289,62.66476450297065,62.66236443902352,62.66001678986973,62.65772205664852,62.65548070884675,62.65329318436414,62.651159889710335,62.64908120023456,62.64705746044929,62.64508898432337,62.643176055695164,62.64131892874239,62.63951782837063,62.63777295076838,62.63608446394987,62.63445250828496,62.63287719715849,62.631358617567976,62.62989683079452,62.62849187302058,62.627143756043054,62.62585246789214,62.62461797363155,62.62344021594335,62.62231911586642,62.62125457351324,62.620246468651885,62.61929466147731,62.6183989932188,62.61755928668897,62.616775347019676,62.616046962246486,62.61537390371409,62.61475592677831,62.61419277122207,62.613684161773556,62.613229808500584,62.61282940721307,62.61248263990192,62.6121891749408,62.61194866742847,62.61176075945546,62.611625080301465,62.611541246556556,62.61150886233542,62.611527519329144,62.61159679683038,62.61171626181213,62.61188546887076,62.612103960214334,62.612371265575746,62.61268690210425,62.61305037422715,62.61346117348748,62.613918778382995,62.61442265418497,62.61497225268524,62.61556701198805,62.616206356296246,62.61688969565816,62.61761642568542,62.618385927329115,62.61919756662372,62.620050694428365,62.62094464622246,62.62187874187116,62.62285228539489,62.623864564741055,62.62491485166038,62.6260024015244,62.62712645319257,62.628286228886466,62.62948093413199,62.63070975770162,62.63197187156094,62.633266430949995,62.63459257436278,62.63594942367639,62.637336084258166,62.63875164511705,62.64019517910662,62.64166574318276,62.64316237865965,62.644684111535824,62.64622995288132,62.6477988991866,62.64938993285975,62.65100202267693,62.652634124332714,62.65428518099388,62.65595412389111,62.65763987295834,62.65934133750839,62.661057416944196,62.662787001505606,62.66452897304294,62.66628220581335,62.6680455673217,62.669817919189924,62.67159811807065,62.67338501655165,62.675177464075404,62.67697430788843,62.67877439406093,62.680576568420335,62.682379677593815,62.684182570028334,62.68598409700737,62.6877831136915,62.68957848014669,62.69136906240644,62.693153733503074,62.694931374503895,62.696700875552466,62.69846113691354,62.70021106996721,62.70194959825722,62.7036756584487,62.705388201352314,62.70708619284206,62.70876861484131,62.71043446620674,62.71208276362801,62.7137125425165,62.71532285780329,62.71691278477949,62.71848141986996,62.720027881371195,62.721551310146154,62.72305087027799,62.72452574970247,62.72597516080457,62.727398340960534,62.72879455302609,62.730163085785016,62.73150325440147,62.732814400729865,62.73409589367521,62.73534712941943,62.73656753169159,62.73775655191035,62.73891366932966,62.74003839110657,62.74113025235274,62.74218881610883,62.74321367328438,62.7442044425792,62.74516077030629,62.74608233024039,62.746968823346734,62.747819977552744,62.74863554740618,62.74941531375736,62.750159083360586,62.750866688455574,62.75153798635596,62.75217285895415,62.752771212225845,62.75333297572904,62.75385810204103,62.75434656622879,62.754798365246636,62.75521351734632,62.75559206149307,62.75593405672751,62.75623958160676,62.75650873352566,62.75674162811753,62.75693839863729,62.75709919535473,62.757224184944974,62.75731354988209,62.757367487821696,62.7573862110409,62.75736994585711,62.75731893206974,62.757233422430836,62.75711368210973,62.75695998819924,62.75677262920382,62.75655190457947,62.75629812427285,62.756011608319675,62.75569268640591,62.75534169748209,62.754958989389195,62.754544918493636,62.75409984937574,62.75362415448197,62.753118213846044,62.75258241477485,62.75201715159919,62.75142282539402,62.750799843696974,62.75014862031073,62.749469575081086,62.7487631336234,62.748029727113845,62.74726979206468,62.746483770107,62.7456721077684,62.74483525620556,62.74397367101658,62.74308781195139,62.742178142691024,62.741245130546524,62.74028924619547,62.73931096336559,62.73831075854882,62.73728911061526,62.736246500478345,62.73518341076607,62.73410032532419,62.732997728884776,62.73187610653782,62.73073594322552,62.72957772330573,62.728401929993304,62.727209044719395,62.72599954662357,62.724773911949896,62.7235326133414,62.72227611915679,62.72100489271871,62.71971939180282,62.71842006759729,62.717107364077876,62.71578171720808,62.714443554120436,62.71309329221432,62.7117313383489,62.71035808797269,62.708973921084834,62.70757920759983,62.706174303406755,62.70475954919766,62.703335268167955,62.70190176976992,62.70045934471484,62.69900826366415,62.697548780733186,62.696081128200234,62.69460551809552,62.69312214009037,62.69163115940539,62.69013271877745,62.68862693384347,62.68711390101502,62.685593691008116,62.6840663481347,62.68253188942771,62.680990303886595,62.67944155177506,62.67788556412838,62.676322242485064,62.67475145869467,62.67317305489002,62.6715868436182,62.66999260787162,62.668390101271015,62.666779048143525,62.66515914362782,62.66353005377973,62.66189141558286,62.66024283702649,62.65858389722657,62.65691414659292,62.655233107083134,62.653540272611835,62.65183510954737,62.650117057352546,62.64838552932332,62.646639913444915,62.64487957333682,62.64310384925508,62.64131205915517,62.63950349976472,62.63767744772716,62.63583316069064,62.63396987850554,62.632086824348505,62.6301832058929,62.628258216548026,62.626311036593954,62.624340834533506,62.622346768307416,62.62032798665014,62.61828363044465,62.616212834102164,62.61411472699741,62.61198843488721,62.609833081390576,62.60764778947416,62.60543168289863,62.603183887764274,62.60090353394058,62.59858975656858,62.596241697498726,62.5938585067777,62.591439344019506,62.58898337985216,62.586489797325505,62.583957793293564,62.581386579747296,62.578775385133504,62.57612345569224,62.5734300567332,62.57069447386497,62.56791601423805,62.56509400771217,62.56222780802987,62.55931679395944,62.55636037035365,62.55335796925955,62.5503090508962,62.54721310468371,62.54406965016744,62.54087823799988,62.537638450813986,62.534349904012004,62.53101224665906,62.52762516223873,62.524188369366854,62.52070162255642,62.517164712861316,62.5135774685418,62.50993975565156,62.5062514786233,62.502512580804336,62.498723044972856,62.49488289383903,62.49099219045884,62.48705103869071,62.48305958355162,62.47901801152037,62.474926550843186,62.47078547186006,62.46659508722318,62.46235575208002,62.45806786423473,62.45373186424611,62.449348235495364,62.44491750427667,62.44044023973719,62.43591705384083,62.43134860135106,62.42673557953978,62.42207872819407,62.41737882926046,62.41263670663385,62.40785322582002,62.403029293632756,62.39816585769105,62.39326390610109,62.38832446680005,62.38334860711592,62.37833743306432,62.37329208874674,62.36821375560219,62.36310365162298,62.35796303050276,62.352793180752876,62.34759542475218,62.342371117705014,62.33712164657478,62.331848428944824,62.32655291180173,62.32123657031603,62.31590090647852,62.310547447752995,62.30517774563619,62.299793374170925,62.29439592841696,62.28898702284962,62.28356828972511,62.27814137740645,62.27270794856807,62.267269678484325,62.261828253156224,62.25638536744198,62.250942723201916,62.24550202731156,62.24006498968527,62.234633321293984,62.229208732139924,62.22379292920631,62.21838761435209,62.21299448232543,62.207615218544646,62.20225149705957,62.19690497844655,62.1915773077274,62.18627011216385,62.180984999223874,62.17572355455462,62.17048733986437,62.165277890879736,62.16009671541437,62.15494529129612,62.149825064476794,62.144737447141644,