  0.01 +20.00000000 +35.00000000
  0.02 +20.00000000 +35.00000000
  0.03 +20.00000000 +35.00000000
  0.04 +20.00000000 +35.00000000
  0.05 +20.00000000 +35.00000000
  0.06 +20.00000000 +35.00000000
  0.07 +20.00000000 +35.00000000
  0.08 +20.00000000 +35.00000000
  0.09 +20.00000000 +35.00000000
  0.10 +20.00000000 +35.00000000
  0.11 +20.00000000 +35.00000000
  0.12 +20.00000000 +35.00000000
  0.13 +20.00000000 +35.00000000
  0.14 +20.00000000 +35.00000000
  0.15 +20.00000000 +35.00000000
  0.16 +20.00000000 +35.00000000
  0.17 +20.00000000 +35.00000000
  0.18 +20.00000000 +35.00000000
  0.19 +20.00000000 +35.00000000
  0.20 +20.00000000 +35.00000000
  0.21 +20.00000000 +35.00000000
  0.22 +20.00000000 +35.00000000
  0.23 +20.00000000 +35.00000000
  0.24 +20.00000000 +35.00000000
  0.25 +20.00000000 +35.00000000
  0.26 +20.00000000 +35.00000000
  0.27 +20.00000000 +35.00000000
  0.28 +20.00000000 +35.00000000
  0.29 +20.00000000 +35.00000000
  0.30 +20.00000000 +35.00000000
  0.31 +20.00000000 +35.00000000
  0.32 +20.00000000 +35.00000000
  0.33 +20.00000000 +35.00000000
  0.34 +20.00000000 +35.00000000
  0.35 +20.00000000 +35.00000000
  0.36 +20.00000000 +35.00000000
  0.37 +20.00000000 +35.00000000
  0.38 +20.00000000 +35.00000000
  0.39 +20.00000000 +35.00000000
  0.40 +20.00000000 +35.00000000
  0.41 +20.00000000 +35.00000000
  0.42 +20.00000000 +35.00000000
  0.43 +20.00000000 +35.00000000
  0.44 +20.00000000 +35.00000000
  0.45 +20.00000000 +35.00000000
  0.46 +20.00000000 +35.00000000
  0.47 +20.00000000 +35.00000000
  0.48 +20.00000000 +35.00000000
  0.49 +20.00000000 +35.00000000
  0.50 +20.00000000 +35.00000000
  0.51 +20.00000000 +35.00000000
  0.52 +20.00000000 +35.00000000
  0.53 +20.00000000 +35.00000000
  0.54 +20.00000000 +35.00000000
  0.55 +20.00000000 +35.00000000
  0.56 +20.00000000 +35.00000000
  0.57 +20.00000000 +35.00000000
  0.58 +20.00000000 +35.00000000
  0.59 +20.00000000 +35.00000000
  0.60 +20.00000000 +35.00000000
  0.61 +20.00000000 +35.00000000
  0.62 +20.00000000 +35.00000000
  0.63 +20.00000000 +35.00000000
  0.64 +20.00000000 +35.00000000
  0.65 +20.00000000 +35.00000000
  0.66 +20.00000000 +35.00000000
  0.67 +20.00000000 +35.00000000
  0.68 +20.00000000 +35.00000000
  0.69 +20.00000000 +35.00000000
  0.70 +20.00000000 +35.00000000
  0.71 +20.00000000 +35.00000000
  0.72 +20.00000000 +35.00000000
  0.73 +20.00000000 +35.00000000
  0.74 +20.00000000 +35.00000000
  0.75 +20.00000000 +35.00000000
  0.76 +20.00000000 +35.00000000
  0.77 +20.00000000 +35.00000000
  0.78 +20.00000000 +35.00000000
  0.79 +20.00000000 +35.00000000
  0.80 +20.00000000 +35.00000000
  0.81 +20.00000000 +35.00000000
  0.82 +20.00000000 +35.00000000
  0.83 +20.00000000 +35.00000000
  0.84 +20.00000000 +35.00000000
  0.85 +20.00000000 +35.00000000
  0.86 +20.00000000 +35.00000000
  0.87 +20.00000000 +35.00000000
  0.88 +20.00000000 +35.00000000
  0.89 +20.00000000 +35.00000000
  0.90 +20.00000000 +35.00000000
  0.91 +20.00000000 +35.00000000
  0.92 +20.00000000 +35.00000000
  0.93 +20.00000000 +35.00000000
  0.94 +20.00000000 +35.00000000
  0.95 +20.00000000 +35.00000000
  0.96 +20.00000000 +35.00000000
  0.97 +20.00000000 +35.00000000
  0.98 +20.00000000 +35.00000000
  0.99 +20.00000000 +35.00000000
  1.00 +20.00000000 +35.00000000
  1.01 +20.00000000 +35.00000000
  1.02 +20.00000000 +35.00000000
  1.03 +20.00000000 +35.00000000
  1.04 +20.00000000 +35.00000000
  1.05 +20.00000000 +35.00000000
  1.06 +20.00000000 +35.00000000
  1.07 +20.00000000 +35.00000000
  1.08 +20.00000000 +35.00000000
  1.09 +20.00000000 +35.00000000
  1.10 +20.00000000 +35.00000000
  1.11 +20.00000000 +35.00000000
  1.12 +20.00000000 +35.00000000
  1.13 +20.00000000 +35.00000000
  1.14 +20.00000000 +35.00000000
  1.15 +20.00000000 +35.00000000
  1.16 +20.00000000 +35.00000000
  1.17 +20.00000000 +35.00000000
  1.18 +20.00000000 +35.00000000
  1.19 +20.00000000 +35.00000000
  1.20 +20.00000000 +35.00000000
  1.21 +20.00000000 +35.00000000
  1.22 +20.00000000 +35.00000000
  1.23 +20.00000000 +35.00000000
  1.24 +20.00000000 +35.00000000
  1.25 +20.00000000 +35.00000000
  1.26 +20.00000000 +35.00000000
  1.27 +20.00000000 +35.00000000
  1.28 +20.00000000 +35.00000000
  1.29 +20.00000000 +35.00000000
  1.30 +20.00000000 +35.00000000
  1.31 +20.00000000 +35.00000000
  1.32 +20.00000000 +35.00000000
  1.33 +20.00000000 +35.00000000
  1.34 +20.00000000 +35.00000000
  1.35 +20.00000000 +35.00000000
  1.36 +20.00000000 +35.00000000
  1.37 +20.00000000 +35.00000000
  1.38 +20.00000000 +35.00000000
  1.39 +20.00000000 +35.00000000
  1.40 +20.00000000 +35.00000000
  1.41 +20.00000000 +35.00000000
  1.42 +20.00000000 +35.00000000
  1.43 +20.00000000 +35.00000000
  1.44 +20.00000000 +35.00000000
  1.45 +20.00000000 +35.00000000
  1.46 +20.00000000 +35.00000000
  1.47 +20.00000000 +35.00000000
  1.48 +20.00000000 +35.00000000
  1.49 +20.00000000 +35.00000000
  1.50 +20.00000000 +35.00000000
  1.51 +20.00000000 +35.00000000
  1.52 +20.00000000 +35.00000000
  1.53 +20.00000000 +35.00000000
  1.54 +20.00000000 +35.00000000
  1.55 +20.00000000 +35.00000000
  1.56 +20.00000000 +35.00000000
  1.57 +20.00000000 +35.00000000
  1.58 +20.00000000 +35.00000000
  1.59 +20.00000000 +35.00000000
  1.60 +20.00000000 +35.00000000
  1.61 +20.00000000 +35.00000000
  1.62 +20.00000000 +35.00000000
  1.63 +20.00000000 +35.00000000
  1.64 +20.00000000 +35.00000000
  1.65 +20.00000000 +35.00000000
  1.66 +20.00000000 +35.00000000
  1.67 +20.00000000 +35.00000000
  1.68 +20.00000000 +35.00000000
  1.69 +20.00000000 +35.00000000
  1.70 +20.00000000 +35.00000000
  1.71 +20.00000000 +35.00000000
  1.72 +20.00000000 +35.00000000
  1.73 +20.00000000 +35.00000000
  1.74 +20.00000000 +35.00000000
  1.75 +20.00000000 +35.00000000
  1.76 +20.00000000 +35.00000000
  1.77 +20.00000000 +35.00000000
  1.78 +20.00000000 +35.00000000
  1.79 +20.00000000 +35.00000000
  1.80 +20.00000000 +35.00000000
  1.81 +20.00000000 +35.00000000
  1.82 +20.00000000 +35.00000000
  1.83 +20.00000000 +35.00000000
  1.84 +20.00000000 +35.00000000
  1.85 +20.00000000 +35.00000000
  1.86 +20.00000000 +35.00000000
  1.87 +20.00000000 +35.00000000
  1.88 +20.00000000 +35.00000000
  1.89 +20.00000000 +35.00000000
  1.90 +20.00000000 +35.00000000
  1.91 +20.00000000 +35.00000000
  1.92 +20.00000000 +35.00000000
  1.93 +20.00000000 +35.00000000
  1.94 +20.00000000 +35.00000000
  1.95 +20.00000000 +35.00000000
  1.96 +20.00000000 +35.00000000
  1.97 +20.00000000 +35.00000000
  1.98 +20.00000000 +35.00000000
  1.99 +20.00000000 +35.00000000
  2.00 +20.00000000 +35.00000000
  2.01 +20.00000000 +35.00000000
  2.02 +20.00000000 +35.00000000
  2.03 +20.00000000 +35.00000000
  2.04 +20.00000000 +35.00000000
  2.05 +20.00000000 +35.00000000
  2.06 +20.00000000 +35.00000000
  2.07 +20.00000000 +35.00000000
  2.08 +20.00000000 +35.00000000
  2.09 +20.00000000 +35.00000000
  2.10 +20.00000000 +35.00000000
  2.11 +20.00000000 +35.00000000
  2.12 +20.00000000 +35.00000000
  2.13 +20.00000000 +35.00000000
  2.14 +20.00000000 +35.00000000
  2.15 +20.00000000 +35.00000000
  2.16 +20.00000000 +35.00000000
  2.17 +20.00000000 +35.00000000
  2.18 +20.00000000 +35.00000000
  2.19 +20.00000000 +35.00000000
  2.20 +20.00000000 +35.00000000
  2.21 +20.00000000 +35.00000000
  2.22 +20.00000000 +35.00000000
  2.23 +20.00000000 +35.00000000
  2.24 +20.00000000 +35.00000000
  2.25 +20.00000000 +35.00000000
  2.26 +20.00000000 +35.00000000
  2.27 +20.00000000 +35.00000000
  2.28 +20.00000000 +35.00000000
  2.29 +20.00000000 +35.00000000
  2.30 +20.00000000 +35.00000000
  2.31 +20.00000000 +35.00000000
  2.32 +20.00000000 +35.00000000
  2.33 +20.00000000 +35.00000000
  2.34 +20.00000000 +35.00000000
  2.35 +20.00000000 +35.00000000
  2.36 +20.00000000 +35.00000000
  2.37 +20.00000000 +35.00000000
  2.38 +20.00000000 +35.00000000
  2.39 +20.00000000 +35.00000000
  2.40 +20.00000000 +35.00000000
  2.41 +20.00000000 +35.00000000
  2.42 +20.00000000 +35.00000000
  2.43 +20.00000000 +35.00000000
  2.44 +20.00000000 +35.00000000
  2.45 +20.00000000 +35.00000000
  2.46 +20.00000000 +35.00000000
  2.47 +20.00000000 +35.00000000
  2.48 +20.00000000 +35.00000000
  2.49 +20.00000000 +35.00000000
  2.50 +20.00000000 +35.00000000
  2.51 +20.00000000 +35.00000000
  2.52 +20.00000000 +35.00000000
  2.53 +20.00000000 +35.00000000
  2.54 +20.00000000 +35.00000000
  2.55 +20.00000000 +35.00000000
  2.56 +20.00000000 +35.00000000
  2.57 +20.00000000 +35.00000000
  2.58 +20.00000000 +35.00000000
  2.59 +20.00000000 +35.00000000
  2.60 +20.00000000 +35.00000000
  2.61 +20.00000000 +35.00000000
  2.62 +20.00000000 +35.00000000
  2.63 +20.00000000 +35.00000000
  2.64 +20.00000000 +35.00000000
  2.65 +20.00000000 +35.00000000
  2.66 +20.00000000 +35.00000000
  2.67 +20.00000000 +35.00000000
  2.68 +20.00000000 +35.00000000
  2.69 +20.00000000 +35.00000000
  2.70 +20.00000000 +35.00000000
  2.71 +20.00000000 +35.00000000
  2.72 +20.00000000 +35.00000000
  2.73 +20.00000000 +35.00000000
  2.74 +20.00000000 +35.00000000
  2.75 +20.00000000 +35.00000000
  2.76 +20.00000000 +35.00000000
  2.77 +20.00000000 +35.00000000
  2.78 +20.00000000 +35.00000000
  2.79 +20.00000000 +35.00000000
  2.80 +20.00000000 +35.00000000
  2.81 +20.00000000 +35.00000000
  2.82 +20.00000000 +35.00000000
  2.83 +20.00000000 +35.00000000
  2.84 +20.00000000 +35.00000000
  2.85 +20.00000000 +35.00000000
  2.86 +20.00000000 +35.00000000
  2.87 +20.00000000 +35.00000000
  2.88 +20.00000000 +35.00000000
  2.89 +20.00000000 +35.00000000
  2.90 +20.00000000 +35.00000000
  2.91 +20.00000000 +35.00000000
  2.92 +20.00000000 +35.00000000
  2.93 +20.00000000 +35.00000000
  2.94 +20.00000000 +35.00000000
  2.95 +20.00000000 +35.00000000
  2.96 +20.00000000 +35.00000000
  2.97 +20.00000000 +35.00000000
  2.98 +20.00000000 +35.00000000
  2.99 +20.00000000 +35.00000000
  3.00 +20.00000000 +35.00000000
  3.01 +20.00000000 +35.00000000
  3.02 +20.00000000 +35.00000000
  3.03 +20.00000000 +35.00000000
  3.04 +20.00000000 +35.00000000
  3.05 +20.00000000 +35.00000000
  3.06 +20.00000000 +35.00000000
  3.07 +20.00000000 +35.00000000
  3.08 +20.00000000 +35.00000000
  3.09 +20.00000000 +35.00000000
  3.10 +20.00000000 +35.00000000
  0.01 +20.00000000 +35.00000000
  0.02 +20.00000000 +35.00000000
  0.03 +20.00000000 +35.00000000
  0.04 +20.00000000 +35.00000000
  0.05 +20.00000000 +35.00000000
  0.06 +20.00000000 +35.00000000
  0.07 +20.00000000 +35.00000000
  0.08 +20.00000000 +35.00000000
  0.09 +20.00000000 +35.00000000
  0.10 +20.00000000 +35.00000000
  0.11 +20.00000000 +35.00000000
  0.12 +20.00000000 +35.00000000
  0.13 +20.00000000 +35.00000000
  0.14 +20.00000000 +35.00000000
  0.15 +20.00000000 +35.00000000
  0.16 +20.00000000 +35.00000000
  0.17 +20.00000000 +35.00000000
  0.18 +20.00000000 +35.00000000
  0.19 +20.00000000 +35.00000000
  0.20 +20.00000000 +35.00000000
  0.21 +20.00000000 +35.00000000
  0.22 +20.00000000 +35.00000000
  0.23 +20.00000000 +35.00000000
  0.24 +20.00000000 +35.00000000
  0.25 +20.00000000 +35.00000000
  0.26 +20.00000000 +35.00000000
  0.27 +20.00000000 +35.00000000
  0.28 +20.00000000 +35.00000000
  0.29 +20.00000000 +35.00000000
  0.30 +20.00000000 +35.00000000
  0.31 +20.00000000 +35.00000000
  0.32 +20.00000000 +35.00000000
  0.33 +20.00000000 +35.00000000
  0.34 +20.00000000 +35.00000000
  0.01 +20.00000000 +35.00000000
  0.02 +20.00000000 +35.00000000
  0.03 +20.00000000 +35.00000000
  0.04 +20.00000000 +35.00000000
  0.05 +20.00000000 +35.00000000
  0.06 +20.00000000 +35.00000000
  0.07 +20.00000000 +35.00000000
  0.08 +20.00000000 +35.00000000
  0.09 +20.00000000 +35.00000000
  0.10 +20.00000000 +35.00000000
  0.11 +20.00000000 +35.00000000
  0.12 +20.00000000 +35.00000000
  0.13 +20.00000000 +35.00000000
  0.14 +20.00000000 +35.00000000
  0.15 +20.00000000 +35.00000000
  0.16 +20.00000000 +35.00000000
  0.17 +20.00000000 +35.00000000
  0.18 +20.00000000 +35.00000000
  0.19 +20.00000000 +35.00000000
  0.20 +20.00000000 +35.00000000
  0.21 +20.00000000 +35.00000000
  0.22 +20.00000000 +35.00000000
  0.23 +20.00000000 +35.00000000
  0.24 +20.00000000 +35.00000000
  0.25 +20.00000000 +35.00000000
  0.26 +20.00000000 +35.00000000
  0.27 +20.00000000 +35.00000000
  0.28 +20.00000000 +35.00000000
  0.29 +20.00000000 +35.00000000
  0.30 +20.00000000 +35.00000000
  0.31 +20.00000000 +35.00000000
  0.32 +20.00000000 +35.00000000
  0.33 +20.00000000 +35.00000000
  0.34 +20.00000000 +35.00000000
  0.35 +20.00000000 +35.00000000
  0.36 +20.00000000 +35.00000000
  0.37 +20.00000000 +35.00000000
  0.38 +20.00000000 +35.00000000
  0.39 +20.00000000 +35.00000000
  0.40 +20.00000000 +35.00000000
  0.41 +20.00000000 +35.00000000
  0.42 +20.00000000 +35.00000000
  0.43 +20.00000000 +35.00000000
  0.44 +20.00000000 +35.00000000
  0.45 +20.00000000 +35.00000000
  0.46 +20.00000000 +35.00000000
  0.47 +20.00000000 +35.00000000
  0.48 +20.00000000 +35.00000000
  0.49 +20.00000000 +35.00000000
  0.50 +20.00000000 +35.00000000
  0.51 +20.00000000 +35.00000000
  0.52 +20.00000000 +35.00000000
  0.53 +20.00000000 +35.00000000
  0.54 +20.00000000 +35.00000000
  0.55 +20.00000000 +35.00000000
  0.56 +20.00000000 +35.00000000
  0.57 +20.00000000 +35.00000000
  0.58 +20.00000000 +35.00000000
  0.59 +20.00000000 +35.00000000
  0.60 +20.00000000 +35.00000000
  0.61 +20.00000000 +35.00000000
  0.62 +20.00000000 +35.00000000
  0.63 +20.00000000 +35.00000000
  0.64 +20.00000000 +35.00000000
  0.65 +20.00000000 +35.00000000
  0.66 +20.00000000 +35.00000000
  0.67 +20.00000000 +35.00000000
  0.68 +20.00000000 +35.00000000
  0.69 +20.00000000 +35.00000000
  0.70 +20.00000000 +35.00000000
  0.71 +20.00000000 +35.00000000
  0.72 +20.00000000 +35.00000000
  0.73 +20.00000000 +35.00000000
  0.74 +20.00000000 +35.00000000
  0.75 +20.00000000 +35.00000000
  0.76 +20.00000000 +35.00000000
  0.77 +20.00000000 +35.00000000
  0.78 +20.00000000 +35.00000000
  0.79 +20.00000000 +35.00000000
  0.80 +20.00000000 +35.00000000
  0.81 +20.00000000 +35.00000000
  0.82 +20.00000000 +35.00000000
  0.83 +20.00000000 +35.00000000
  0.84 +20.00000000 +35.00000000
  0.85 +20.00000000 +35.00000000
  0.86 +20.00000000 +35.00000000
  0.87 +20.00000000 +35.00000000
  0.88 +20.00000000 +35.00000000
  0.89 +20.00000000 +35.00000000
  0.90 +20.00000000 +35.00000000
  0.91 +20.00000000 +35.00000000
  0.92 +20.00000000 +35.00000000
  0.93 +20.00000000 +35.00000000
  0.94 +20.00000000 +35.00000000
  0.95 +20.00000000 +35.00000000
  0.96 +20.00000000 +35.00000000
  0.97 +20.00000000 +35.00000000
  0.98 +20.00000000 +35.00000000
  0.99 +20.00000000 +35.00000000
  1.00 +20.00000000 +35.00000000
  1.01 +20.00000000 +35.00000000
  1.02 +20.00000000 +35.00000000
  1.03 +20.00000000 +35.00000000
  1.04 +20.00000000 +35.00000000
  1.05 +20.00000000 +35.00000000
  1.06 +20.00000000 +35.00000000
  1.07 +20.00000000 +35.00000000
  1.08 +20.00000000 +35.00000000
  1.09 +20.00000000 +35.00000000
  1.10 +20.00000000 +35.00000000
  1.11 +20.00000000 +35.00000000
  1.12 +20.00000000 +35.00000000
  1.13 +20.00000000 +35.00000000
  1.14 +20.00000000 +35.00000000
  1.15 +20.00000000 +35.00000000
  1.16 +20.00000000 +35.00000000
  1.17 +20.00000000 +35.00000000
  1.18 +20.00000000 +35.00000000
  1.19 +20.00000000 +35.00000000
  1.20 +20.00000000 +35.00000000
  1.21 +20.00000000 +35.00000000
  1.22 +20.00000000 +35.00000000
  1.23 +20.00000000 +35.00000000
  1.24 +20.00000000 +35.00000000
  1.25 +20.00000000 +35.00000000
  1.26 +20.00000000 +35.00000000
  1.27 +20.00000000 +35.00000000
  1.28 +20.00000000 +35.00000000
  1.29 +20.00000000 +35.00000000
  1.30 +20.00000000 +35.00000000
  1.31 +20.00000000 +35.00000000
  1.32 +20.00000000 +35.00000000
  1.33 +20.00000000 +35.00000000
  1.34 +20.00000000 +35.00000000
  1.35 +20.00000000 +35.00000000
  1.36 +20.00000000 +35.00000000
  1.37 +20.00000000 +35.00000000
  1.38 +20.00000000 +35.00000000
  1.39 +20.00000000 +35.00000000
  1.40 +20.00000000 +35.00000000
  1.41 +20.00000000 +35.00000000
  1.42 +20.00000000 +35.00000000
  1.43 +20.00000000 +35.00000000
  1.44 +20.00000000 +35.00000000
  1.45 +20.00000000 +35.00000000
  1.46 +20.00000000 +35.00000000
  1.47 +20.00000000 +35.00000000
  1.48 +20.00000000 +35.00000000
  1.49 +20.00000000 +35.00000000
  1.50 +20.00000000 +35.00000000
