  0.01 +15.00000000 +20.00000000
  0.02 +15.00000000 +20.00000000
  0.03 +15.00000000 +20.00000000
  0.04 +15.00000000 +20.00000000
  0.05 +15.00000000 +20.00000000
  0.06 +15.00000000 +20.00000000
  0.07 +15.00000000 +20.00000000
  0.08 +15.00000000 +20.00000000
  0.09 +15.00000000 +20.00000000
  0.10 +15.00000000 +20.00000000
  0.11 +15.00000000 +20.00000000
  0.12 +15.00000000 +20.00000000
  0.13 +15.00000000 +20.00000000
  0.14 +15.00000000 +20.00000000
  0.15 +15.00000000 +20.00000000
  0.16 +15.00000000 +20.00000000
  0.17 +15.00000000 +20.00000000
  0.18 +15.00000000 +20.00000000
  0.19 +15.00000000 +20.00000000
  0.20 +15.00000000 +20.00000000
  0.21 +15.00000000 +20.00000000
  0.22 +15.00000000 +20.00000000
  0.23 +15.00000000 +20.00000000
  0.24 +15.00000000 +20.00000000
  0.25 +15.00000000 +20.00000000
  0.26 +15.00000000 +20.00000000
  0.27 +15.00000000 +20.00000000
  0.28 +15.00000000 +20.00000000
  0.29 +15.00000000 +20.00000000
  0.30 +15.00000000 +20.00000000
  0.31 +15.00000000 +20.00000000
  0.32 +15.00000000 +20.00000000
  0.33 +15.00000000 +20.00000000
  0.34 +15.00000000 +20.00000000
  0.35 +15.00000000 +20.00000000
  0.36 +15.00000000 +20.00000000
  0.37 +15.00000000 +20.00000000
  0.38 +15.00000000 +20.00000000
  0.39 +15.00000000 +20.00000000
  0.40 +15.00000000 +20.00000000
  0.41 +15.00000000 +20.00000000
  0.42 +15.00000000 +20.00000000
  0.43 +15.00000000 +20.00000000
  0.44 +15.00000000 +20.00000000
  0.45 +15.00000000 +20.00000000
  0.46 +15.00000000 +20.00000000
  0.47 +15.00000000 +20.00000000
  0.48 +15.00000000 +20.00000000
  0.49 +15.00000000 +20.00000000
  0.50 +15.00000000 +20.00000000
  0.51 +15.00000000 +20.00000000
  0.52 +15.00000000 +20.00000000
  0.53 +15.00000000 +20.00000000
  0.54 +15.00000000 +20.00000000
  0.55 +15.00000000 +20.00000000
  0.56 +15.00000000 +20.00000000
  0.57 +15.00000000 +20.00000000
  0.58 +15.00000000 +20.00000000
  0.59 +15.00000000 +20.00000000
  0.60 +15.00000000 +20.00000000
  0.61 +15.00000000 +20.00000000
  0.62 +15.00000000 +20.00000000
  0.63 +15.00000000 +20.00000000
  0.64 +15.00000000 +20.00000000
  0.65 +15.00000000 +20.00000000
  0.66 +15.00000000 +20.00000000
  0.67 +15.00000000 +20.00000000
  0.68 +15.00000000 +20.00000000
  0.69 +15.00000000 +20.00000000
  0.70 +15.00000000 +20.00000000
  0.71 +15.00000000 +20.00000000
  0.72 +15.00000000 +20.00000000
  0.73 +15.00000000 +20.00000000
  0.74 +15.00000000 +20.00000000
  0.75 +15.00000000 +20.00000000
  0.76 +15.00000000 +20.00000000
  0.77 +15.00000000 +20.00000000
  0.78 +15.00000000 +20.00000000
  0.79 +15.00000000 +20.00000000
  0.80 +15.00000000 +20.00000000
  0.81 +15.00000000 +20.00000000
  0.82 +15.00000000 +20.00000000
  0.83 +15.00000000 +20.00000000
  0.84 +15.00000000 +20.00000000
  0.85 +15.00000000 +20.00000000
  0.86 +15.00000000 +20.00000000
  0.87 +15.00000000 +20.00000000
  0.88 +15.00000000 +20.00000000
  0.89 +15.00000000 +20.00000000
  0.90 +15.00000000 +20.00000000
  0.91 +15.00000000 +20.00000000
  0.92 +15.00000000 +20.00000000
  0.93 +15.00000000 +20.00000000
  0.94 +15.00000000 +20.00000000
  0.95 +15.00000000 +20.00000000
  0.96 +15.00000000 +20.00000000
  0.97 +15.00000000 +20.00000000
  0.98 +15.00000000 +20.00000000
  0.99 +15.00000000 +20.00000000
  1.00 +15.00000000 +20.00000000
  1.01 +15.00000000 +20.00000000
  1.02 +15.00000000 +20.00000000
  1.03 +15.00000000 +20.00000000
  1.04 +15.00000000 +20.00000000
  1.05 +15.00000000 +20.00000000
  1.06 +15.00000000 +20.00000000
  1.07 +15.00000000 +20.00000000
  1.08 +15.00000000 +20.00000000
  1.09 +15.00000000 +20.00000000
  1.10 +15.00000000 +20.00000000
  1.11 +15.00000000 +20.00000000
  1.12 +15.00000000 +20.00000000
  1.13 +15.00000000 +20.00000000
  1.14 +15.00000000 +20.00000000
  1.15 +15.00000000 +20.00000000
  1.16 +15.00000000 +20.00000000
  1.17 +15.00000000 +20.00000000
  1.18 +15.00000000 +20.00000000
  1.19 +15.00000000 +20.00000000
  1.20 +15.00000000 +20.00000000
  1.21 +15.00000000 +20.00000000
  1.22 +15.00000000 +20.00000000
  1.23 +15.00000000 +20.00000000
  1.24 +15.00000000 +20.00000000
  1.25 +15.00000000 +20.00000000
  1.26 +15.00000000 +20.00000000
  1.27 +15.00000000 +20.00000000
  1.28 +15.00000000 +20.00000000
  1.29 +15.00000000 +20.00000000
  1.30 +15.00000000 +20.00000000
  1.31 +15.00000000 +20.00000000
  1.32 +15.00000000 +20.00000000
  1.33 +15.00000000 +20.00000000
  1.34 +15.00000000 +20.00000000
  1.35 +15.00000000 +20.00000000
  1.36 +15.00000000 +20.00000000
  1.37 +15.00000000 +20.00000000
  1.38 +15.00000000 +20.00000000
  1.39 +15.00000000 +20.00000000
  1.40 +15.00000000 +20.00000000
  1.41 +15.00000000 +20.00000000
  1.42 +15.00000000 +20.00000000
  1.43 +15.00000000 +20.00000000
  1.44 +15.00000000 +20.00000000
  1.45 +15.00000000 +20.00000000
  1.46 +15.00000000 +20.00000000
  1.47 +15.00000000 +20.00000000
  1.48 +15.00000000 +20.00000000
  1.49 +15.00000000 +20.00000000
  1.50 +15.00000000 +20.00000000
  1.51 +15.00000000 +20.00000000
  1.52 +15.00000000 +20.00000000
  1.53 +15.00000000 +20.00000000
  1.54 +15.00000000 +20.00000000
  1.55 +15.00000000 +20.00000000
  1.56 +15.00000000 +20.00000000
  1.57 +15.00000000 +20.00000000
  1.58 +15.00000000 +20.00000000
  1.59 +15.00000000 +20.00000000
  1.60 +15.00000000 +20.00000000
  1.61 +15.00000000 +20.00000000
  1.62 +15.00000000 +20.00000000
  1.63 +15.00000000 +20.00000000
  1.64 +15.00000000 +20.00000000
  1.65 +15.00000000 +20.00000000
  1.66 +15.00000000 +20.00000000
  1.67 +15.00000000 +20.00000000
  1.68 +15.00000000 +20.00000000
  1.69 +15.00000000 +20.00000000
  1.70 +15.00000000 +20.00000000
  1.71 +15.00000000 +20.00000000
  1.72 +15.00000000 +20.00000000
  1.73 +15.00000000 +20.00000000
  1.74 +15.00000000 +20.00000000
  1.75 +15.00000000 +20.00000000
  1.76 +15.00000000 +20.00000000
  1.77 +15.00000000 +20.00000000
  1.78 +15.00000000 +20.00000000
  1.79 +15.00000000 +20.00000000
  1.80 +15.00000000 +20.00000000
  1.81 +15.00000000 +20.00000000
  1.82 +15.00000000 +20.00000000
  1.83 +15.00000000 +20.00000000
  1.84 +15.00000000 +20.00000000
  1.85 +15.00000000 +20.00000000
  1.86 +15.00000000 +20.00000000
  1.87 +15.00000000 +20.00000000
  1.88 +15.00000000 +20.00000000
  1.89 +15.00000000 +20.00000000
  1.90 +15.00000000 +20.00000000
  1.91 +15.00000000 +20.00000000
  1.92 +15.00000000 +20.00000000
  1.93 +15.00000000 +20.00000000
  1.94 +15.00000000 +20.00000000
  1.95 +15.00000000 +20.00000000
  1.96 +15.00000000 +20.00000000
  1.97 +15.00000000 +20.00000000
  1.98 +15.00000000 +20.00000000
  1.99 +15.00000000 +20.00000000
  2.00 +15.00000000 +20.00000000
  2.01 +15.00000000 +20.00000000
  2.02 +15.00000000 +20.00000000
  2.03 +15.00000000 +20.00000000
  2.04 +15.00000000 +20.00000000
  2.05 +15.00000000 +20.00000000
  2.06 +15.00000000 +20.00000000
  2.07 +15.00000000 +20.00000000
  2.08 +15.00000000 +20.00000000
  2.09 +15.00000000 +20.00000000
  2.10 +15.00000000 +20.00000000
  2.11 +15.00000000 +20.00000000
  2.12 +15.00000000 +20.00000000
  2.13 +15.00000000 +20.00000000
  2.14 +15.00000000 +20.00000000
  2.15 +15.00000000 +20.00000000
  2.16 +15.00000000 +20.00000000
  2.17 +15.00000000 +20.00000000
  2.18 +15.00000000 +20.00000000
  2.19 +15.00000000 +20.00000000
  2.20 +15.00000000 +20.00000000
  2.21 +15.00000000 +20.00000000
  2.22 +15.00000000 +20.00000000
  2.23 +15.00000000 +20.00000000
  2.24 +15.00000000 +20.00000000
  2.25 +15.00000000 +20.00000000
  2.26 +15.00000000 +20.00000000
  2.27 +15.00000000 +20.00000000
  2.28 +15.00000000 +20.00000000
  2.29 +15.00000000 +20.00000000
  2.30 +15.00000000 +20.00000000
  2.31 +15.00000000 +20.00000000
  2.32 +15.00000000 +20.00000000
  2.33 +15.00000000 +20.00000000
  2.34 +15.00000000 +20.00000000
  2.35 +15.00000000 +20.00000000
  2.36 +15.00000000 +20.00000000
  2.37 +15.00000000 +20.00000000
  2.38 +15.00000000 +20.00000000
  2.39 +15.00000000 +20.00000000
  2.40 +15.00000000 +20.00000000
  2.41 +15.00000000 +20.00000000
  2.42 +15.00000000 +20.00000000
  2.43 +15.00000000 +20.00000000
  2.44 +15.00000000 +20.00000000
  2.45 +15.00000000 +20.00000000
  2.46 +15.00000000 +20.00000000
  2.47 +15.00000000 +20.00000000
  2.48 +15.00000000 +20.00000000
  2.49 +15.00000000 +20.00000000
  2.50 +15.00000000 +20.00000000
  2.51 +15.00000000 +20.00000000
  2.52 +15.00000000 +20.00000000
  2.53 +15.00000000 +20.00000000
  2.54 +15.00000000 +20.00000000
  2.55 +15.00000000 +20.00000000
  2.56 +15.00000000 +20.00000000
  2.57 +15.00000000 +20.00000000
  2.58 +15.00000000 +20.00000000
  2.59 +15.00000000 +20.00000000
  2.60 +15.00000000 +20.00000000
  2.61 +15.00000000 +20.00000000
  2.62 +15.00000000 +20.00000000
  2.63 +15.00000000 +20.00000000
  2.64 +15.00000000 +20.00000000
  2.65 +15.00000000 +20.00000000
  2.66 +15.00000000 +20.00000000
  2.67 +15.00000000 +20.00000000
  2.68 +15.00000000 +20.00000000
  2.69 +15.00000000 +20.00000000
  2.70 +15.00000000 +20.00000000
  2.71 +15.00000000 +20.00000000
  2.72 +15.00000000 +20.00000000
  2.73 +15.00000000 +20.00000000
  2.74 +15.00000000 +20.00000000
  2.75 +15.00000000 +20.00000000
  2.76 +15.00000000 +20.00000000
  2.77 +15.00000000 +20.00000000
  2.78 +15.00000000 +20.00000000
  2.79 +15.00000000 +20.00000000
  2.80 +15.00000000 +20.00000000
  2.81 +15.00000000 +20.00000000
  2.82 +15.00000000 +20.00000000
  2.83 +15.00000000 +20.00000000
  2.84 +15.00000000 +20.00000000
  2.85 +15.00000000 +20.00000000
  2.86 +15.00000000 +20.00000000
  2.87 +15.00000000 +20.00000000
  2.88 +15.00000000 +20.00000000
  2.89 +15.00000000 +20.00000000
  2.90 +15.00000000 +20.00000000
  2.91 +15.00000000 +20.00000000
  2.92 +15.00000000 +20.00000000
  2.93 +15.00000000 +20.00000000
  2.94 +15.00000000 +20.00000000
  2.95 +15.00000000 +20.00000000
  2.96 +15.00000000 +20.00000000
  2.97 +15.00000000 +20.00000000
  2.98 +15.00000000 +20.00000000
  2.99 +15.00000000 +20.00000000
  3.00 +15.00000000 +20.00000000
  3.01 +15.00000000 +20.00000000
  3.02 +15.00000000 +20.00000000
  3.03 +15.00000000 +20.00000000
  3.04 +15.00000000 +20.00000000
  3.05 +15.00000000 +20.00000000
  3.06 +15.00000000 +20.00000000
  3.07 +15.00000000 +20.00000000
  3.08 +15.00000000 +20.00000000
  3.09 +15.00000000 +20.00000000
  3.10 +15.00000000 +20.00000000
  0.01 +15.00000000 +20.00000000
  0.02 +15.00000000 +20.00000000
  0.03 +15.00000000 +20.00000000
  0.04 +15.00000000 +20.00000000
  0.05 +15.00000000 +20.00000000
  0.06 +15.00000000 +20.00000000
  0.07 +15.00000000 +20.00000000
  0.08 +15.00000000 +20.00000000
  0.09 +15.00000000 +20.00000000
  0.10 +15.00000000 +20.00000000
  0.11 +15.00000000 +20.00000000
  0.12 +15.00000000 +20.00000000
  0.13 +15.00000000 +20.00000000
  0.14 +15.00000000 +20.00000000
  0.15 +15.00000000 +20.00000000
  0.16 +15.00000000 +20.00000000
  0.17 +15.00000000 +20.00000000
  0.18 +15.00000000 +20.00000000
  0.19 +15.00000000 +20.00000000
  0.20 +15.00000000 +20.00000000
  0.21 +15.00000000 +20.00000000
  0.22 +15.00000000 +20.00000000
  0.23 +15.00000000 +20.00000000
  0.24 +15.00000000 +20.00000000
  0.25 +15.00000000 +20.00000000
  0.26 +15.00000000 +20.00000000
  0.27 +15.00000000 +20.00000000
  0.28 +15.00000000 +20.00000000
  0.29 +15.00000000 +20.00000000
  0.30 +15.00000000 +20.00000000
  0.31 +15.00000000 +20.00000000
  0.32 +15.00000000 +20.00000000
  0.33 +15.00000000 +20.00000000
  0.34 +15.00000000 +20.00000000
  0.01 +15.00000000 +20.00000000
  0.02 +15.00000000 +20.00000000
  0.03 +15.00000000 +20.00000000
  0.04 +15.00000000 +20.00000000
  0.05 +15.00000000 +20.00000000
  0.06 +15.00000000 +20.00000000
  0.07 +15.00000000 +20.00000000
  0.08 +15.00000000 +20.00000000
  0.09 +15.00000000 +20.00000000
  0.10 +15.00000000 +20.00000000
  0.11 +15.00000000 +20.00000000
  0.12 +15.00000000 +20.00000000
  0.13 +15.00000000 +20.00000000
  0.14 +15.00000000 +20.00000000
  0.15 +15.00000000 +20.00000000
  0.16 +15.00000000 +20.00000000
  0.17 +15.00000000 +20.00000000
  0.18 +15.00000000 +20.00000000
  0.19 +15.00000000 +20.00000000
  0.20 +15.00000000 +20.00000000
  0.21 +15.00000000 +20.00000000
  0.22 +15.00000000 +20.00000000
  0.23 +15.00000000 +20.00000000
  0.24 +15.00000000 +20.00000000
  0.25 +15.00000000 +20.00000000
  0.26 +15.00000000 +20.00000000
  0.27 +15.00000000 +20.00000000
  0.28 +15.00000000 +20.00000000
  0.29 +15.00000000 +20.00000000
  0.30 +15.00000000 +20.00000000
  0.31 +15.00000000 +20.00000000
  0.32 +15.00000000 +20.00000000
  0.33 +15.00000000 +20.00000000
  0.34 +15.00000000 +20.00000000
  0.35 +15.00000000 +20.00000000
  0.36 +15.00000000 +20.00000000
  0.37 +15.00000000 +20.00000000
  0.38 +15.00000000 +20.00000000
  0.39 +15.00000000 +20.00000000
  0.40 +15.00000000 +20.00000000
  0.41 +15.00000000 +20.00000000
  0.42 +15.00000000 +20.00000000
  0.43 +15.00000000 +20.00000000
  0.44 +15.00000000 +20.00000000
  0.45 +15.00000000 +20.00000000
  0.46 +15.00000000 +20.00000000
  0.47 +15.00000000 +20.00000000
  0.48 +15.00000000 +20.00000000
  0.49 +15.00000000 +20.00000000
  0.50 +15.00000000 +20.00000000
  0.51 +15.00000000 +20.00000000
  0.52 +15.00000000 +20.00000000
  0.53 +15.00000000 +20.00000000
  0.54 +15.00000000 +20.00000000
  0.55 +15.00000000 +20.00000000
  0.56 +15.00000000 +20.00000000
  0.57 +15.00000000 +20.00000000
  0.58 +15.00000000 +20.00000000
  0.59 +15.00000000 +20.00000000
  0.60 +15.00000000 +20.00000000
  0.61 +15.00000000 +20.00000000
  0.62 +15.00000000 +20.00000000
  0.63 +15.00000000 +20.00000000
  0.64 +15.00000000 +20.00000000
  0.65 +15.00000000 +20.00000000
  0.66 +15.00000000 +20.00000000
  0.67 +15.00000000 +20.00000000
  0.68 +15.00000000 +20.00000000
  0.69 +15.00000000 +20.00000000
  0.70 +15.00000000 +20.00000000
  0.71 +15.00000000 +20.00000000
  0.72 +15.00000000 +20.00000000
  0.73 +15.00000000 +20.00000000
  0.74 +15.00000000 +20.00000000
  0.75 +15.00000000 +20.00000000
  0.76 +15.00000000 +20.00000000
  0.77 +15.00000000 +20.00000000
  0.78 +15.00000000 +20.00000000
  0.79 +15.00000000 +20.00000000
  0.80 +15.00000000 +20.00000000
  0.81 +15.00000000 +20.00000000
  0.82 +15.00000000 +20.00000000
  0.83 +15.00000000 +20.00000000
  0.84 +15.00000000 +20.00000000
  0.85 +15.00000000 +20.00000000
  0.86 +15.00000000 +20.00000000
  0.87 +15.00000000 +20.00000000
  0.88 +15.00000000 +20.00000000
  0.89 +15.00000000 +20.00000000
  0.90 +15.00000000 +20.00000000
  0.91 +15.00000000 +20.00000000
  0.92 +15.00000000 +20.00000000
  0.93 +15.00000000 +20.00000000
  0.94 +15.00000000 +20.00000000
  0.95 +15.00000000 +20.00000000
  0.96 +15.00000000 +20.00000000
  0.97 +15.00000000 +20.00000000
  0.98 +15.00000000 +20.00000000
  0.99 +15.00000000 +20.00000000
  1.00 +15.00000000 +20.00000000
  1.01 +15.00000000 +20.00000000
  1.02 +15.00000000 +20.00000000
  1.03 +15.00000000 +20.00000000
  1.04 +15.00000000 +20.00000000
  1.05 +15.00000000 +20.00000000
  1.06 +15.00000000 +20.00000000
  1.07 +15.00000000 +20.00000000
  1.08 +15.00000000 +20.00000000
  1.09 +15.00000000 +20.00000000
  1.10 +15.00000000 +20.00000000
  1.11 +15.00000000 +20.00000000
  1.12 +15.00000000 +20.00000000
  1.13 +15.00000000 +20.00000000
  1.14 +15.00000000 +20.00000000
  1.15 +15.00000000 +20.00000000
  1.16 +15.00000000 +20.00000000
  1.17 +15.00000000 +20.00000000
  1.18 +15.00000000 +20.00000000
  1.19 +15.00000000 +20.00000000
  1.20 +15.00000000 +20.00000000
  1.21 +15.00000000 +20.00000000
  1.22 +15.00000000 +20.00000000
  1.23 +15.00000000 +20.00000000
  1.24 +15.00000000 +20.00000000
  1.25 +15.00000000 +20.00000000
  1.26 +15.00000000 +20.00000000
  1.27 +15.00000000 +20.00000000
  1.28 +15.00000000 +20.00000000
  1.29 +15.00000000 +20.00000000
  1.30 +15.00000000 +20.00000000
  1.31 +15.00000000 +20.00000000
  1.32 +15.00000000 +20.00000000
  1.33 +15.00000000 +20.00000000
  1.34 +15.00000000 +20.00000000
  1.35 +15.00000000 +20.00000000
  1.36 +15.00000000 +20.00000000
  1.37 +15.00000000 +20.00000000
  1.38 +15.00000000 +20.00000000
  1.39 +15.00000000 +20.00000000
  1.40 +15.00000000 +20.00000000
  1.41 +15.00000000 +20.00000000
  1.42 +15.00000000 +20.00000000
  1.43 +15.00000000 +20.00000000
  1.44 +15.00000000 +20.00000000
  1.45 +15.00000000 +20.00000000
  1.46 +15.00000000 +20.00000000
  1.47 +15.00000000 +20.00000000
  1.48 +15.00000000 +20.00000000
  1.49 +15.00000000 +20.00000000
  1.50 +15.00000000 +20.00000000
