35.96140300000001,55.36984693805769,