47.84452010770481,47.84452010770481,47.84452010770481,47.84452010770481,47.84452010770481,47.84452010770481,47.84452010770481,47.84452010770481,47.84452010770481,47.84452010770481,47.84452010770481,47.84452010787643,47.8445201084326,47.844520109640015,47.844520111822,47.84452011545697,47.84452012135499,47.84452013084284,47.844520145869474,47.84452016896901,47.84452020307324,47.84452025123261,47.84452031635784,47.84452040111071,47.844520508036396,47.84452063997626,47.84452080069692,47.84452099559482,47.84452123224547,47.844521520560264,47.84452187234555,47.84452230007915,47.844522814736074,47.84452342274043,47.84452412208593,47.84452489797956,47.8445257179827,47.844526527169386,47.84452724346981,47.8445277534833,47.84452790916062,47.84452752531981,47.84452637860629,47.844524207419234,47.84452071301364,47.84451556157689,47.844508386673716,47.844498791987235,47.84448635371129,47.84447062253386,47.84445112430705,47.844427359331085,47.84439880072126,47.84436489143323,47.844325040281994,47.844278617915926,47.84422495182375,47.844163322218876,47.84409295749643,47.84401303058371,47.843922655808285,47.84382088695439,47.84370671671077,47.843579077557166,47.84343684495499,47.843278842206075,47.843103848471834,47.84291060732263,47.8426978380822,47.84246424792994,47.84220854436469,47.8419294472904,47.84162570064187,47.84129608185462,47.840939409918484,47.84055455123948,47.84014042364751,47.83969599855484,47.83922030164636,47.83871241123795,47.83817145588798,47.83759661059515,47.836987092048346,47.83634215420786,47.835661084065514,47.83494319941546,47.8341878474155,47.833394405636035,47.83256228537241,47.83169093695795,47.83077985622978,47.8298285926311,47.82883675738316,47.82780403106589,47.826730170082534,47.82561501148692,47.82445847584277,47.82326056759427,47.82202137365642,47.82074105988331,47.81941986553038,47.818058095914104,47.81665611241576,47.81521432158525,47.81373316282599,47.812213095671034,47.81065458763614,47.809058103581194,47.807424096662935,47.80575300290383,47.80404523764266,47.80230119559426,47.80052125382378,47.79870577641118,47.796855121319496,47.79496964711861,47.793049720539265,47.79109572355699,47.78910805952034,47.78708715791959,47.78503347985295,47.782947520613234,47.780829811517926,47.778680919678926,47.77650144534616,47.77429201733487,47.7720532868221,47.76978592009027,47.76749059073508,47.76516797279072,47.7628187352286,47.76044353814018,47.75804303186973,47.755617858449924,47.75316865548788,47.75069605646777,47.74820071326975,47.74568329525511,47.743144495218665,47.74058503679682,47.738005681865985,47.73540723771409,47.732790564015474,47.73015657907747,47.72750626444621,47.724840667059006,47.722160898412056,47.719468130627575,47.71676358973361,47.71404854682319,47.711324307985876,47.70859220399652,47.705853580681186,47.70310979069866,47.700362187246355,47.69761211991053,47.69486093263773,47.69210996356932,47.68936054602354,47.68661401007765,47.683871684563,47.68113489933178,47.67840498764989,47.67568328852339,47.67297114903187,47.67026992636957,47.66758098890189,47.66490571557125,47.662245493170104,47.65960171130652,47.65697575521569,47.654368996867994,47.651782785028985,47.64921843503285,47.646677219008936,47.644160357218105,47.64166901099669,47.639204277621296,47.63676718719602,47.63435870151724,47.631979714382815,47.62963105298178,47.62731348033574,47.625027698726925,47.622774354019846,47.62055404067594,47.61836730730434,47.6162146624751,47.61409658011997,47.61201350385507,47.609965849672996,47.60795400672332,47.60597833617606,47.60403916842909,47.6021367991118,47.600271484448115,47.598443436563365,47.59665281924513,47.594899744602486,47.59318427091609,47.591506401800125,47.58986608673894,47.588263222621954,47.58669765601121,47.58516918616883,47.583677568884426,47.58222252106358,47.58080372595334,47.579420838766254,47.57807349244525,47.57676130306304,47.57548387434316,47.57424080083806,47.57303166949671,47.57185605952205,47.57071354063441,47.569603670016214,47.568525988300735,47.56748001501497,47.56646524389115,47.565481138410235,47.56452712787306,47.56360260422094,47.56270691975264,47.56183938565695,47.560999271214435,47.56018580376265,47.55939816954874,47.558635515531186,47.55789695206948,47.557181556296634,47.556488375872235,47.55581643264901,47.55516472596798,47.55453223535248,47.55391792239543,47.553320731761595,47.55273959129698,47.55217341130326,47.551621083107584,47.55108147706256,47.55055344016114,47.55003579345814,47.54952732949213,47.54902680990351,47.54853296344826,47.548044484552285,47.54756003245686,47.54707823112396,47.546597670075805,47.54611690626509,47.54563446700321,47.5451488538613,47.544658547278466,47.54416201127231,47.543657698058865,47.54314405261685,47.542619517242635,47.54208253609036,47.54153155967492,47.540965049231374,47.54038148079921,47.53977934885432,47.53915716932612,47.53851348187054,47.53784685133087,47.53715586838789,47.53643914953187,47.53569533659369,47.5349230961271,47.53412111899365,47.533288120307745,47.532422839763086,47.53152404235075,47.530590519385775,47.529621089651584,47.528614599861484,47.52756992450763,47.526485965716844,47.52536165389688,47.52419594964954,47.522987847409205,47.52173638072718,47.520440628818506,47.51909972367327,47.5177128569053,47.51627928540593,47.51479833508532,47.513269402110026,47.51169195142674,47.5100655124895,47.50838967210145,47.50666406551032,47.5048883669027,47.50306228013812,47.50118552357466,47.499257841618885,47.497278986613225,47.49524871547595,47.49316678469517,47.49103294692307,47.488846948202124,47.486608528277394,47.48431742082632,47.48197335747211,47.47957607283762,47.4771253103305,47.47462082818267,47.47206240609329,47.46944985059557,47.46678299897626,47.46406172350166,47.4612859358872,47.458455575646795,47.45557062748854,47.452631114298775,47.44963709729356,47.446588676088055,47.44348598686868,47.4403291998812,47.437118516650656,47.433854164999985,47.4305363940369,47.427165470588086,47.4237416761613,47.42026531410252,47.416736716419834,47.413156253362985,47.40952434644018,47.40584148275323,47.40210822895935,47.39832524329943,47.394493284314215,47.39061321528178,47.38668600368722,47.38271271463532,47.37869449929914,47.374632581151076,47.370528242413826,47.36638281262919,47.36219766038196,47.35797418827208,47.35371383053539,47.349418052131725,47.34508834792441,47.340726240684056,47.33633327692837,47.33191102006669,47.327461040905064,47.32298490603522,47.318484165021374,47.3139603375073,47.30941490139689,47.30484928304834,47.30026485022772,47.295662908123205,47.29104469846049,47.28641140147275,47.281764140951054,47.27710399181293,47.2724319888839,47.26774913549034,47.26305641064561,47.25835477407094,47.253645168857076,47.24892852203639,47.244205743764724,47.23947772599695,47.23474534151186,47.23000944409957,47.2252708704481,47.2205304439362,47.21578898090392,47.2110472996042,47.20630623066346,47.20156662717779,47.196829372781764,47.192095386327416,47.1873656226712,47.1826410696545,47.17792274217255,47.173211674498226,47.16850891222463,47.16381550521346,47.15913250242772,47.15446094940537,47.14980188831355,47.14515636053897,47.140525411026246,47.13591009364572,47.13131147668083,47.12673064769778,47.12216871715372,47.117626820317966,47.113106117433446,47.10860779216009,47.10413304851958,47.09968310669549,47.095259198009806,47.09086255945136,47.08649442798179,47.08215603486003,47.07784860003543,47.073573326835145,47.069331396796436,47.06512396483056,47.060952154633426,47.056817054343036,47.05271971263144,47.048661135144854,47.04464228136019,47.040664061967306,47.03672733671136,47.03283291286398,47.028981544305836,47.02517393115382,47.021410720017485,47.01769250478985,47.01401982798966,47.01039318244139,47.006813013434815,47.00327972105128,46.999793662705514,46.99635515575112,46.99296447993261,46.98962187975958,46.98632756661132,46.983081720485735,46.979884491392546,46.97673600038941,46.97363634015862,46.97058557539709,46.96758374280879,46.9646308509167,46.96172687982889,46.958871780914876,46.95606547681424,46.95330786109161,46.9505987986716,46.94793812621373,46.945325652814496,46.94276116097671,46.94024440784152,46.937775126572085,46.93535302791298,46.93297780181784,46.93064911903288,46.928366632614456,46.92612997930489,46.923938780807,46.921792644763315,46.919691165596866,46.91763392515545,46.915620493036776,46.91365042683712,46.91172327215575,46.90983856253454,46.90799581934608,46.90619455155362,46.904434255522546,46.90271441474615,46.901034499717156,46.899393967802425,46.8977922632436,46.89622881731825,46.89470304851171,46.893214362712214,46.8917621537985,46.89034580405219,46.88896468511524,46.88761815859243,46.88630557703505,46.88502628516794,46.88377962103589,46.88256491743462,46.88138150356769,46.88022870640894,46.879105852794694,46.87801227118711,46.87694729382938,46.87591025883184,46.87490051240206,46.87391741108704,46.87296032396631,46.8720286350032,46.871121745365556,46.870239075498866,46.86938006703891,46.86854418509325,46.86773091980595,46.86693978795961,46.866170334520845,46.86542213366081,46.864694789879024,46.86398793865288,46.863301246872496,46.862634413065386,46.8619871675511,46.86135927196055,46.86075051884301,46.86016073114277,46.85958976121552,46.85903749004891,46.8585038258997,46.857988703185455,46.85749208113851,46.857013942480286,46.85655429189106,46.856113154767726,46.855690575561184,46.855286616360985,46.85490135554779,46.85453488639499,46.85418731568566,46.85385876240646,46.853549356432715,46.85325923745986,46.85298855367503,46.85273746087932,46.852506121305495,46.85229470255741,46.85210337705085,46.851932320707874,46.85178171232171,46.85165173281497,46.85154256433987,46.851454389803784,46.851387392362575,46.85134175481209,46.85131765885226,46.85131528560896,46.85133481465215,46.85137642465719,46.851440293008984,46.8515265956934,46.85163550771008,46.85176720334903,46.851921856358764,46.85209964030076,46.85230072909148,46.8525252975986,46.852773521729375,46.85304557947551,46.85334165118022,46.853661920466095,46.85400657445773,46.85437580461615,46.85476980726145,46.855188784049275,46.855632942364984,46.856102495529896,46.85659766357231,46.85711867320369,46.85766575796457,46.8582391584784,46.858839121905724,46.85946590223821,46.86011976005504,46.86080096172972,46.86150977910727,46.86224648889843,46.863011372181624,46.86380471326756,46.86462679867027,46.865477916409034,46.86635835440741,46.86726839959826,46.86820833612169,46.86917844427913,46.870178998785775,46.87121026736308,46.87227250848359,46.87336596993371,46.87449088726641,46.87564748157112,46.87683595766738,46.87805650225154,46.879309281653995,46.88059444008673,46.88191209745161,46.88326234730241,46.884645254839,46.8860608550093,46.88750915043887,46.888990109423546,46.890503664017686,46.89204970820554,46.893628096070024,46.89523863992129,46.896881108657325,46.898555226224545,46.90026066998173,46.90199706940777,46.9037640046922,46.90556100556243,46.90738755018041,46.90924306410937,46.91112691973577,46.913038435374276,46.91497687495748,46.9169414474461,46.918931306748284,46.920945551544804,46.92298322547654,46.92504331721228,46.92712476092501,46.9292264368916,46.93134717214187,46.933485741443185,46.93564086821574,46.93781122579811,46.939995438707356,46.942192084051634,46.944399693112615,46.946616752998935,46.94884170822966,46.951072962560154,46.95330888095304,46.955547791314814,46.95778798644411,46.96002772622224,46.96226523945536,46.96449872603729,46.96672635915613,46.96894628710302,46.97115663564741,46.97335550991765,46.9755409966425,46.977711166072325,46.97986407380378,46.98199776322917,46.984110267226676,46.986199609866205,46.98826380831999,46.99030087461898,46.99230881740416,46.99428564353815,46.99622935956249,46.99813797327383,47.00000949524721,47.001841940174245,47.00363332812415,47.00538168598557,47.00708504869137,47.00874146042514,47.01034897593623,47.011905661723816,47.01340959720309,47.0148588758141,47.01625160641155,47.01758591438825,47.01885994285912,47.020071853918374,47.021219829739785,47.02230207419264,47.023316814192675,47.024262300884054,47.02513681123421,47.0259386494789,47.02666614857315,47.027317671866356,47.02789161474184,47.02838640643439,47.02880051157185,47.02913243203005,47.029380709008045,47.029543924606976,47.0296207039572,47.029609716982904,47.02950968045563,47.029319360055695,47.029037572127116,47.02866318574112,47.02819512476189,47.027632369520795,47.026973958914404,47.02621899216325,47.0253666305014,47.02441609904336,47.023366688282046,47.02221775579227,47.02096872746681,47.019619098909644,47.01816843671343,47.0166163796259,47.014962639410854,47.0132070018158,47.01134932727574,47.009389551376906,47.00732768551111,47.00516381696529,47.00289810927982,47.000530802239574,46.99806221159241,46.99549272901209,46.992822821550455,46.99005303117281,46.98718397403879,46.98421633972073,46.98115089026698,46.97798845910614,46.97472994993433,46.971376335311994,46.96792865534297,46.964388016115976,46.960755587990995,46.95703260399881,46.953220357792546,46.949320201941006,46.94533354574228,46.94126185316749,46.937106640679815,46.93286947495075,46.92855197057875,46.92415578772148,46.91968262959579,46.915134240035286,46.910512400978334,46.90581892989553,46.90105567723283,46.89622452375633,46.89132737800229,46.88636617354411,46.881342866492275,46.8762594327374,46.871117865388854,46.865920172156024,46.860668372713924,46.85536449616319,46.85001057853083,46.8446086602006,46.83916078350153,46.833668990233434,46.828135319332,46.822561804528966,46.8169504720881,46.811303338608916,46.80562240886016,46.799909673685605,46.794167108040355,46.78839666889956,46.782600293484094,46.77677989744042,46.770937373051744,46.76507458756725,46.75919338165458,46.753295567798915,46.747382928884015,46.74145721681957,46.73552015122158,46.729573418183136,46.72361866912995,46.717657519721094,46.71169154884894,46.70572229772715,46.69975126898676,46.693779925903776,46.68780969168246,46.68184194880082,46.67587803843489,46.66991925991446,46.663966870301095,46.65802208396411,46.6520860723336,46.64615996356841,46.64024484235465,46.63434174977868,46.62845168319382,46.62257559618237,46.61671439856277,46.6108689563706,46.605040091963474,46.5992285841306,46.59343516822609,46.58766053637395,46.58190533763636,46.57617017822231,46.57045562176094,46.56476218956283,46.559090360857844,46.55344057309483,46.5478132222925,46.542208663272916,46.5366272100306,46.53106913603508,46.52553467453972,46.5200240189074,46.51453732296177,46.50907470129101,46.50363622961412,46.498221945098805,46.492831846769995,46.48746589579546,46.48212401588035,46.47680609360546,46.47151197882169,46.46624148504338,46.46099438986721,46.455770435374944,46.45056932856776,46.44539074185455,46.44023431354528,46.435099648295065,46.42998631774117,46.42489386105575,46.419821785568395,46.41476956744772,46.40973665248364,46.40472245679911,46.39972636766461,46.394747744432586,46.38978591946296,46.384840199100935,46.379909864847505,46.374994174362335,46.37009236273227,46.36520364372957,46.36032721113787,46.35546224020107,46.3506078890741,46.34576330039041,46.340927602901154,46.3360999130488,46.33127933693386,46.32646497196493,46.32165590883966,46.31685123340124,46.31205002868349,46.30725137699356,46.30245436202826,46.29765807099661,46.29286159675091,46.288064040105844,46.283264512077615,46.27846213613744,46.27365605053133,46.26884541052147,46.26402939078525,46.25920718769184,46.25437802160016,46.24954113909828,46.24469581531844,46.239841355993086,46.23497709975491,46.230102420251235,46.225216728276735,46.22031947372585,46.21541014745059,46.2104882832659,46.20555345956096,46.200605300991384,46.19564348018675,46.190667719191225,46.185677790674525,46.18067351933948,46.1756547830047,46.17062151354923,46.1655736977906,46.160511378249275,46.15543465370806,46.150343679644145,46.145238668536855,46.1401198900542,46.1349876710318,46.12984239534102,46.12468450359499,46.119514492725074,46.11433291539425,46.109140379208185,46.10393754596249,46.09872513052886,46.093503899820924,46.08827467152365,46.08303831270375,46.07779573836944,46.07254790981204,46.067295832806096,46.06204055613765,46.05678316939725,46.05152480116411,46.04626661695207,46.04100981700763,46.03575563426183,46.030505331988486,46.02526020168215,46.020021560708365,46.01479075008957,46.00956913221669,46.00435808858746,45.99915901756487,45.99397333221499,45.98880245803807,45.98364783089696,45.978510894946965,45.97339310053851,45.96829590226678,45.96322075712147,45.958169122560385,45.953142454869415,45.9481422073182,45.943169828730944,45.938226761791036,45.9333144417792,45.928434295101766,45.9235877380336,45.91877617561796,45.91400100056115,45.90926359228838,45.90456531595322,45.899907521612576,45.895291543388204,45.89071869897163,45.88619028897405,45.88170759619837,45.87727188537655,45.87288440254743,45.86854637464407,45.86425900921297,45.86002349410381,45.85584099691275,45.851712665067836,45.847639625052196,45.84362298266021,45.83966382206712,45.83576320596591,45.83192217486415,45.82814174694925,45.82442291781481,45.82076665970108,45.81717392133955,45.81364562707226,45.810182676566285,45.8067859442305,45.803456278340285,45.800194500260424,45.79700140412338,45.79387775541155,45.79082429079877,45.7878417166507,45.78493070835377,45.782091909146246,45.77932592922893,45.776633344525116,45.774014695793156,45.77147048695996,45.76900118458586,45.76660721632486,45.76428896980119,45.76204679132727,45.759880984635046,45.757791809931476,45.75577948241166,45.75384417095314,45.75198599745691,45.750205035173074,45.74850130773526,45.746874788475516,45.74532539904755,45.7438530086064,45.742457432935474,45.74113843376034,45.739895717805695,45.738728936169885,45.73763768388727,45.73662149937182,45.73567986409974,45.734812202247625,45.73401788058205,45.73329620825387,45.732646436996696,45.73206776103656,45.73155931748649,45.73112018663344,45.73074939230043,45.730445902593964,45.73020863041717,45.73003643425223,45.729928119053014,45.729882437268586,45.729898089900615,45.729973727695004,45.73010795240627,45.730299318086765,45.73054633273975,45.730847459630674,45.731201118955276,45.73160568955833,45.73205951064821,45.73256088368076,45.733108074086225,45.73369931338915,45.734332801079624,45.7350067066504,45.73571917171485,45.7364683119912,45.73725221953462,45.73806896490787,45.73891659930222,45.73979315674753,45.74069665636082,45.74162510446903,45.74257649687453,45.74354882108403,45.74454005847566,45.74554818649066,45.74657118082343,45.747607017591854,45.74865367548886,45.749709137865054,45.75077139480831,45.75183844525201,45.75290829897729,45.75397897859444,45.755048521510645,45.7561149818718,45.7571764324048,45.758230966284216,45.75927669890462,45.760311769631386,45.76133434348239,45.76234261278404,45.76333479873934,45.76430915300209,45.76526395912905,45.76619753401666,45.76710822928098,45.76799443254422,45.76885456871486,45.769687101150495,45.77049053279795,45.771263407269124,45.77200430983056,45.7727118683554,45.773384754210966,45.77402168304271,45.77462141553601,45.77518275815408,45.77570456370081,45.77618573186397,45.776625209753085,45.77702199234934,45.7773751227682,45.77768369270406,45.77794684253915,45.778163761658064,45.7783336884366,45.77845591041491,45.7785297642177,45.778554635521104,45.77852995893802,45.77845521782249,45.77832994404074,45.77815371770511,45.77792616678756,45.77764696683805,45.77731584044905,45.776932556780174,45.77649693101789,45.776008823848606,45.77546814076914,45.77487483148221,45.774228889142925,45.7735303496617,45.77277929087707,45.77197583177756,45.77112013174351,45.770212389593745,45.769252842714025,45.76824176641077,45.76717947263293,45.7660663093512,45.76490265947917,45.76368893999987,45.76242560095171,45.76111312439193,45.759752023472984,45.75834284144921,45.75688615058162,45.75538255118047,45.75383267055029,45.752237162059004,45.75059670398816,45.74891199862877,45.747183771177,45.74541276876442,45.74359975931156,45.74174553061919,45.73985088928848,45.73791665972974,45.73594368309933,45.73393281627379,45.731884930831185,45.729800912032914,45.72768165762049,45.7255280769031,45.72334108953889,45.721121624448244,45.71887061885403,45.71658901709098,45.71427776931373,45.71193783055112,45.709570159422704,45.70717571694228,45.704755465439376,45.70231036744193,45.69984138410642,45.6973494742373,45.694835593105964,45.69230069098229,45.689745712073346,45.68717159320491,45.68457926238791,45.68196963764794,45.679343625730695,45.67670212078022,45.674046003035784,45.671376137524824,45.66869337293955,45.6659985401964,45.66329245112105,45.66057589726577,45.65784964858635,45.65511445235325,45.65237103176647,45.6496200849789,45.646862283869794,45.64409827285047,45.641328667927034,45.638554055575916,45.6357749916302,45.63299200059853,45.63020557454197,45.6274161723565,45.62462421905788,45.62183010484708,45.619034184701086,45.61623677758231,45.613438166045135,45.61063859565846,45.607838274728444,45.6050373739233,45.602236025951676,45.59943432554276,45.59663232928117,45.59383005551703,45.59102748450232,45.58822455839727,45.58542118152695,45.58261722056354,45.57981250489369,45.57700682686379,45.57419994236976,45.57139157127912,45.56858139794973,45.56576907182722,45.5629542081121,45.56013638843147,45.557315161550356,45.55449004415638,45.55166052164165,45.54882604894345,45.54598605137655,45.543139925541475,45.54028704020086,45.53742673719636,45.53455833238913,45.53168111661453,45.5287943565885,45.52589729588226,45.522989155852954,45.52006913659525,45.517136417891116,45.514190160107134,45.511229505165396,45.508253577462426,45.505261484748765,45.502252319005066,45.49922515734924,45.49617906290307,45.49311308562862,45.49002626314919,45.48691762157698,45.48378617632887,45.48063093289476,45.47745088760835,45.47424502845602,45.47101233580931,45.46775178311912,45.46446233771839,45.46114296149292,45.45779261161127,45.454410241281984,45.45099480044006,45.44754523639604,45.44406049462823,45.44053951943091,45.43698125463217,45.43338464431658,45.42974863359355,45.426072169238566,45.42235420040915,45.418593679537516,45.414789562890434,45.41094081147322,45.407046391730354,45.40310527634688,45.3991164450597,45.39507888543204,45.390991593807556,45.38685357594326,45.382663847950404,45.37842143717687,45.374125383006884,45.3697747377467,45.36536856746618,45.36090595302775,45.35638599072433,45.351807793405186,45.347170491266596,45.34247323261769,45.3377151849206,45.33289553546367,45.32801349232902,45.32306828527675,45.318059166574805,45.31298541157507,45.30784631971103,45.302641215310906,45.29736944813482,45.292030394162815,45.28662345638576,45.28114806527566,45.27560367949146,45.26998978648626,45.264305903043784,45.25855157575074,45.25272638152048,45.24682992799383,45.240861853930326,45.234821829570265,45.22870955694768,45.22252477008123,45.2162672352813,45.209936751365504,45.20353314956683,45.197056293770856,45.19050608072073,45.183882439637316,45.177185332500464,45.1704147537312,45.16357073023232,45.156653321054584,45.14966261725928,45.14259874159889,45.13546184817633,45.12825212225262,45.12096977962956,45.11361506637221,45.10618825824933,45.09868966027968,45.09111960618341,45.08347845776624,45.075766604315625,45.067984461978064,45.060132473067206,45.05221110532102,45.04422085119079,45.03616222700813,45.02803577223872,45.01984204861537,45.01158163929965,45.0032551479266,44.99486319775311,44.986406430672524,44.977885506270944,44.96930110091452,44.9606539065828,44.951944630004185,44.94317399151923,44.934342723971206,44.92545157173401,44.91650128956829,44.90749264151273,44.898426399736856,44.88930334342377,44.88012425762963,44.87088993210802,44.86160116015311,44.852258737397605,44.84286346063577,44.833416126649645,44.82391753098901,44.8143684668029,44.80476972364947,44.79512208633576,44.78542633364205,44.77568323724801,44.76589356046812,44.756058057196185,44.74617747067876,44.73625253240369,44.726283961000355,44.716272461115395,44.70621872245758,44.69612341865216,44.685987206197595,44.6758107235447,44.66559459012643,44.6553394054275,44.6450457480713,44.63471417498349,44.62434522057525,44.613939395962795,44.60349718821577,44.59301905965816,44.582505447189476,44.57195676171595,44.561373387572765,44.550755682014454,44.54010397470636,44.529418567294314,44.51869973303767,44.50794771647268,44.497162733108354,44.486344969185026,44.47549458147726,44.46461169713442,44.45369641358763,44.442748798473495,44.43176888961845,44.42075669509827,44.40971219322257,44.39863533275424,44.38752603297526,44.37638418390022,44.36520964654177,44.354002253140145,44.342761807460946,44.33148808514681,44.32018083406566,44.308839774720745,44.29746460067792,44.2860549790083,44.27461055080071,44.26313093164445,44.251615712203595,44.24006445867852,44.22847671343312,44.21685199567591,44.205189801900744,44.19348960663513,44.18175086302423,44.16997300347235,44.15815544040674,44.14629756687031,44.1343987572649,44.12245836809984,44.110475738656085,44.09845019177695,44.08638103459515,44.07426755925265,44.06210904367737,44.04990475250081,44.03765393771079,44.02535583948779,44.01300968713621,44.00061469980976,43.988170087339114,43.97567505120775,43.963128785368966,43.95053047709731,43.93787930795123,43.92517445466039,43.91241509008114,43.89960038412376,43.886729504699495,43.87380161879715,43.86081589345438,43.84777149675522,43.83466759885309,43.821503373064964,43.80827799698389,43.794990653482685,43.7816405319556,43.76822682938292,43.754748751374684,43.741205513565795,43.72759634264819,43.71392047767624,43.70017717116616,43.68636569051767,43.67248531901756,43.658535357245704,43.64451512431144,43.63042395919761,43.61626122189145,43.60202629490333,43.587718584451,43.57333752160176,43.558882563816354,43.54435319603281,43.52974893211681,43.515069316080556,43.50031392317828,43.485482361467184,43.47057427292926,43.45558933453282,43.4405272595154,43.425387798676496,43.41017074143675,43.39487591685669,43.379503194730404,43.36405248657574,43.34852374689955,43.33291697386451,43.31723221027278,43.30146954459653,43.28562911161078,43.269711093076474,43.25371571859228,43.23764326620263,43.221494062876346,43.205268485228665,43.18896695969811,43.17258996321809,43.15613802325488,43.139611718190714,43.123011677558125,43.10633858203465,43.08959316342338,43.07277620474831,43.05588854003574,43.03893105413323,43.021904682445765,43.0048104106025,42.987649274000034,42.97042235733062,42.95313079398702,42.93577576545629,42.918358500580034,42.90088027482806,42.88334240940828,42.86574627040743,42.84809326765533,42.830384853843334,42.81262252343072,42.79480781131577,42.776942291758644,42.75902757710791,42.7410653165,42.72305719444962,42.70500492929595,42.68691027210915,42.66877500484521,42.650600939138414,42.63238991437096,42.614143796530215,42.5958644763692,42.57755386785023,42.5592139063938,42.54084654754124,42.52245376489801,42.50403754886251,42.48559990471219,42.46714285099913,42.448668417948994,42.43017864574456,42.41167558297643,42.393161284947425,42.374637812048576,42.35610722816521,42.337571599290456,42.31903299186627,42.30049347123067,42.28195510020615,42.2634199376109,42.2448900368618,42.22636744458069,42.20785419930357,42.1893523301226,42.17086385552067,42.15239078194305,42.13393510292644,42.11549879769498,42.097083830186165,42.078692148011214,42.06032568135285,42.04198634216514,42.02367602310177,42.00539659679105,41.987149914963354,41.96893780756165,41.95076208218015,41.93262452318541,41.914526891222266,41.896470922445175,41.87845832802896,41.86049079353499,41.842569978569756,41.824697516219814,41.80687501248359,41.789104046107504,41.771386167988084,41.75372290099591,41.736115684309134,41.71856598935123,41.701075278052905,41.683644978432454,41.666276483861424,41.648971148008286,41.63173029024594,41.61455519398069,41.59744711261852,41.580407266923324,41.56343685083205,41.546537028175244,41.529708930940814,41.51295366501225,41.49627230308719,41.479665888765766,41.46313543650004,41.44668192757965,41.43030631341571,41.414009514027796,41.39779241850376,41.381655886336446,41.365600742004105,41.34962778295546,41.333737776509885,41.317931455173714,41.30220952277379,41.286572651724974,41.27102148537421,41.255556636135736,41.240178682700744,41.22488817127522,41.209685623274034,41.19457152714446,41.17954633677122,41.164610511718884,41.14976442803374,41.1350084476765,41.12034290345232,41.105768098518254,41.091284306712026,41.07689177152931,41.06259070587943,41.04838129247622,41.03426368389415,41.02023800329847,41.00630434532509,40.99246277706812,40.97871333820389,40.96505604172032,40.95149087451727,40.93801779738115,40.92463674514576,40.91134762725588,40.89815032811192,40.885044706879924,40.872030598279295,40.85910781292722,40.84627613772955,40.83353533705771,40.82088515247206,40.80832530432021,40.79585549199849,40.78347539503805,40.771184673753844,40.75898297037505,40.74686990976593,40.73484510047746,40.72290813564088,40.71105859417925,40.699296041470014,40.687620030369054,40.676030102154165,40.66452578765788,40.65310660779841,40.641772075139286,40.63052169428289,40.61935496302254,40.608271373225165,40.59727041192755,40.5863515621894,40.57551430386082,40.5647581145683,40.554082470761486,40.54348684845381,40.532970724492976,40.52253357701603,40.51217488667189,40.50189413748509,40.491690817704196,40.48156442076598,40.471514445877695,40.46154039906827,40.451641793881464,40.44181815206767,40.43206900434659,40.422393891097926,40.41279236292915,40.40326398129584,40.39380831905816,40.3844249609774,40.3751135041231,40.365873558359915,40.35670474673193,40.347606705717006,40.33857908556097,40.329621550579326,40.320733779357056,40.311915464931666,40.30316631497775,40.294486051906546,40.285874412912236,40.27733115007345,40.26885603034449,40.2604488355218,40.252109362177244,40.24383742164519,40.23563283976636,40.22749545692152,40.21942512772574,40.21142172090252,40.20348511898553,40.195615218212446,40.18781192811848,40.1800751712897,40.17240488307827,40.164801011241394,40.157263515553616,40.14979236756116,40.142387550160535,40.13504905714167,40.12777689272571,40.12057107147385,40.113431617689955,40.106358564936336,40.0993519557459,40.09241184107724,40.08553828012851,40.07873133974894,40.0719910942855,40.06531762486022,40.058711019207756,40.05217137112628,40.04569878038977,40.03929335211849,40.03295519671285,40.026684429556,40.020481170295284,40.01434554287882,40.00827767521044,40.00227769886446,39.9963457487266,39.990481962704436,39.98468648203504,39.97895945038711,39.9733010139998,39.967711321436695,39.96219052348896,39.95673877283979,39.951356223843376,39.946043032773986,39.94079935713654,39.93562535597262,39.93052118941327,39.92548701891135,39.92052300701364,39.91562931675754,39.91080611191747,39.90605355728024,39.90137181779995,39.896761058860804,39.89222144607086,39.887753145379115,39.88335632245266,39.879031142787696,39.874777771554584,39.87059637336918,39.86648711211664,39.86245015095726,39.85848565178175,39.854593775442346,39.850774681263545,39.84702852671854,39.84335546727721,39.839755656133605,39.83622924398811,39.83277637887071,39.8293972053039,39.826091864438354,39.82286049351814,39.81970322574085,39.81662018959381,39.813611508792334,39.81067730122828,39.80781767934865,39.80503274921948,39.802322610000445,39.79968735380466,39.797127064969374,39.79464181979391,39.79223168591366,39.78989672186647,39.7876369765952,39.785452488882605,39.78334328695701,39.78130938799582,39.77935079749388,39.777467508975214,39.775659503455266,39.773926748962396,39.772269199993524,39.77068679725913,39.769179467140766,39.76774712128625,39.766389656283636,39.765106953213596,39.76389887731788,39.76276527771894,39.76170598707619,39.76072082125712,39.75980957923375,39.75897204270727,39.758207975968475,39.75751712584908,39.75689922134644,39.75635397365653,39.755881076147574,39.75548020427472,39.755151015525314,39.75489314952747,39.754706228124185,39.754589855277146,39.754543617484934,39.7545670838373,39.754659806061,39.754821318973775,39.7550511405274,39.75534877226865,39.755713699612194,39.756145392204395,39.75664330421902,39.75720687489672,39.75783552886946,39.75852867661606,39.75928571500913,39.76010602772308,39.760988985791975,39.76193394813227,39.76294026207468,39.76400726397958,39.7651342797807,39.76632062554683,39.767565608067635,39.76886852545704,39.77022866782762,39.77164531777856,39.77311775106301,39.77464523719252,39.776227040028786,39.777862418412795,39.77955062672088,39.781290915505004,39.783082532040694,39.784924720990176,39.78681672483803,39.78875778458566,39.790747140239326,39.79278403134228,39.79486769750873,39.79699737897701,39.79917231705136,39.8013917546159,39.8036549366448,39.80596111063537,39.80830952704028,39.8106994397062,39.81313010627897,39.815600788605416,39.81811075309568,39.82065927113333,39.82324561942498,39.82586908027092,39.82852894196355,39.831224498949354,39.83395505232409,39.836719909898605,39.839518386620014,39.84234980476664,39.845213494155864,39.84810879240835,39.85103504516925,39.85399160624543,39.85697783786368,39.859993110813264,39.86303680463032,39.86610830779787,39.86920701789593,39.87233234175004,39.87548369558544,39.87866050514998,39.88186220584869,39.88508824288462,39.88833809023566,39.89161120221995,39.89490704709446,39.89822510461031,39.9015648678466,39.90492584447536,39.90830755415083,39.91170953008242,39.91513131815333,39.91857247320058,39.922032560396445,39.92551115292346,39.92900783285678,39.932522192868184,39.93605383565003,39.939602377305135,39.94316744326364,39.946748673729296,39.95034572057256,39.95395825010411,39.95758594222671,39.96122849091915,39.964885603136764,39.9685570008397,39.972242414471076,39.975941590809015,39.9796542872143,39.98338027233595,39.987119330902914,39.99087125819553,39.994635862311625,39.99841296237796,40.002202391507815,40.00600399485135,40.00981762907766,40.013643163426806,40.0174804794292,40.021329472489604,40.02519004630014,40.02906211902329,40.03294561639205,40.0368404758955,40.040746645213574,40.04466408328381,40.04859275941545,40.052532653670404,40.05648375657631,40.060446068842296,40.06441960099066,40.068404372569226,40.072400411438345,40.07640775298055,40.08042643874591,40.08445651565126,40.088498035150735,40.09255105233369,40.09661562519197,40.10069181383399,40.10477967985818,40.10887928579153,40.1129906945344,40.1171139684801,40.1212491692399,40.12539635678576,40.12955558887785,40.13372692020129,40.137910401577486,40.142106079165885,40.146313993558316,40.15053417874228,40.15476666129557,40.15901145954444,40.16326858229273,40.16753802839605,40.17181978545538,40.17611382906405,40.18042012201624,40.18473861345319,40.18906923811155,40.19341191556585,40.197766549456794,40.20213302687458,40.20651121762955,40.210900973727725,40.215302128772755,40.21971449730403,40.2241378745377,40.228572035749586,40.233016735876625,40.23747170923711,40.24193667854513,40.246411338352345,40.25089535855149,40.25538838878236,40.25989005475629,40.264399959035,40.268917681687235,40.27344277823837,40.27797478290075,40.282513205828145,40.28705753704328,40.291607246145496,40.296161781041,40.300720568509156,40.30528301546531,40.30984850793299,40.31441640972636,40.31898606405047,40.32355679424074,40.328127901062565,40.332698665880436,40.337268350139716,40.341836196628435,40.346401426707246,40.3509632445389,40.35552083727975,40.360073374814334,40.364620010365854,40.369159881601014,40.37369211110938,40.37821580760137,40.38273006581775,40.38723396806528,40.39172658530273,40.396206976113085,40.40067418897547,40.40512726324238,40.40956522857446,40.41398710678188,40.41839191266851,40.42277865349306,40.42714633041478,40.43149393828254,40.435820467664705,40.440124904589176,40.444406231109454,40.44866342666438,40.452895468395866,40.45710133134223,40.461279990508785,40.46543041941342,40.46955159324299,40.47364248776275,40.477702079887365,40.48172934911913,40.48572327952442,40.489682857375506,40.49360707425295,40.497494927301155,40.50134541899962,40.50515755867326,40.50893036296919,40.51266285609152,40.51635406915886,40.52000304595146,40.52360883534222,40.527170498491074,40.53068710620286,40.534157741673354,40.53758149909099,40.54095748464422,40.544284816009466,40.54756262504671,40.5507900571219,40.55396627187909,40.55709044149745,40.56016175414351,40.563179414466006,40.56614264191026,40.56905067239764,40.57190275629754,40.5746981637316,40.57743618052155,40.5801161102771,40.582737278695454,40.58529902568287,40.587800714358075,40.59024172301258,40.59262145528625,40.594939328736544,40.59719478702337,40.59938729136955,40.60151632517736,40.60358139664496,40.60558203013215,40.607517775411495,40.609388206311166,40.61119291622663,40.61293152136282,40.614603665957354,40.61620900949767,40.61774724432742,40.61921808085259,40.620621256113644,